0.2115603
0.0139813
0.0147746
0.0132103
0.0167312
0.0115969
0.0208672
0.0284662
0.0154655
0.0068993
0.0060703
0.0046931
0.0102642
0.0052770
0.0048892
0.0068770
0.0031911
0.0027544
0.0057628
0.0033026
0.0036368
0.0024780
0.0039444
0.0035834
0.0018764
0.0024825
0.0006908
0.0042563
0.0038730
0.0035967
0.0020011
0.0026429
0.0013594
0.0034675
0.0018808
0.0030797
0.0008245
0.0035388
0.0026831
0.0031332
0.0015153
0.0025939
0.0014173
0.0029906
0.0014841
0.0012167
0.0016357
0.0023399
0.0002986
0.0007354
0.0029014
0.0020903
0.0043678
0.0010385
0.0005883
0.0031198
0.0009582
0.0027098
0.0009092
0.0018095
0.0005660
0.0003343
0.0018674
0.0011811
0.0007666
0.0012880
0.0007131
0.0011454
0.0007577
0.0009671
0.0032045
0.0022195
0.0031689
0.0014173
0.0009181
0.0005794
0.0001337
0.0009582
0.0006151
0.0037884
0.0019610
0.0008958
0.0018229
0.0014931
0.0023622
0.0010786
0.0011142
0.0011276
0.0013148
0.0015287
0.0002050
0.0004011
0.0012524
0.0006774
0.0014931
0.0017471
0.0012747
0.0019165
0.0007844
0.0034407
0.0015555
0.0020011
0.0022953
0.0010830
0.0012880
0.0006106
0.0010429
0.0025404
0.0009181
0.0006507
0.0020457
0.0006329
0.0005839
0.0005170
0.0007933
0.0035343
0.0007933
0.0006418
0.0009716
0.0007488
0.0004189
0.0012524
0.0018764
0.0006507
0.0005527
0.0009181
0.0010251
0.0005304
0.0002050
0.0003387
0.0007488
0.0020234
0.0021616
0.0012167
0.0019120
0.0022374
0.0005393
0.0008691
0.0001872
0.0012568
0.0005170
0.0012390
0.0024156
0.0007354
0.0007666
0.0005215
0.0007086
0.0007354
0.0003387
0.0008201
0.0011989
0.0006552
0.0006953
0.0000357
0.0005794
0.0007710
0.0003164
0.0009048
0.0019432
0.0005571
0.0007176
0.0007042
0.0007220
0.0006997
0.0008557
0.0017917
0.0007755
0.0003967
0.0006641
0.0005571
0.0004189
0.0004858
0.0020145
0.0012880
0.0003699
0.0004680
0.0002318
0.0005839
0.0004769
0.0001070
0.0002273
0.0004635
0.0011454
0.0007131
0.0005215
0.0005437
0.0004501
0.0006685
0.0013594
0.0001916
0.0001382
0.0003967
0.0004546
0.0003476
0.0002763
0.0007755
0.0009092
0.0002407
0.0008334
0.0006240
0.0001916
0.0001961
0.0021973
0.0004368
0.0006997
0.0004724
0.0005348
0.0003521
0.0007220
0.0006596
0.0014128
0.0010964
0.0004546
0.0008557
0.0006685
0.0002585
0.0001961
0.0012256
0.0010340
0.0008245
0.0001515
0.0007398
0.0005571
0.0015777
0.0006329
0.0004903
0.0009003
0.0002674
0.0002496
0.0001471
0.0005482
0.0003164
0.0007755
0.0002719
0.0005304
0.0004011
0.0003878
0.0004234
0.0006329
0.0006195
0.0005839
0.0006329
0.0009939
0.0003699
0.0002451
0.0003298
0.0002719
0.0002897
0.0015243
0.0006596
0.0003476
0.0004724
0.0001248
0.0005749
0.0002808
0.0018897
0.0002496
0.0017159
0.0001025
0.0003744
0.0006240
0.0004056
0.0001159
0.0001159
0.0003610
0.0004501
0.0001961
0.0004323
0.0000535
0.0004100
0.0002496
0.0012256
0.0002942
0.0001515
0.0002496
0.0002228
0.0006596
0.0007354
0.0003343
0.0001382
0.0003833
0.0004189
0.0005125
0.0003967
0.0001694
0.0004858
0.0002407
0.0008156
0.0005215
0.0004591
0.0000535
0.0001916
0.0005348
0.0000713
0.0002273
0.0003298
0.0005259
0.0002942
0.0002362
0.0014262
0.0005259
0.0003298
0.0002719
0.0002184
0.0000891
0.0001604
0.0004234
0.0001426
0.0004234
0.0006953
0.0006908
0.0006373
0.0003387
0.0003922
0.0004992
0.0003432
0.0001872
0.0000936
0.0003075
0.0002228
0.0007488
0.0005839
0.0003432
0.0002630
0.0004279
0.0003120
0.0001337
0.0000713
0.0006685
0.0001025
0.0002763
0.0003343
0.0004457
0.0004323
0.0004234
0.0000624
0.0002852
0.0001203
0.0004680
0.0003298
0.0008736
0.0003298
0.0005304
0.0002942
0.0005571
0.0001114
0.0001426
0.0004234
0.0004368
0.0001337
0.0002808
0.0004189
0.0002050
0.0001426
0.0001694
0.0004279
0.0001248
0.0002585
0.0009315
0.0001025
0.0002496
0.0002496
0.0001827
0.0002184
0.0005304
0.0006507
0.0003031
0.0002496
0.0004368
0.0003432
0.0005304
0.0005348
0.0001203
0.0002273
0.0001560
0.0001382
0.0001738
0.0003031
0.0001604
0.0003120
0.0001783
0.0001604
0.0003967
0.0002986
0.0001025
0.0001248
0.0001872
0.0003699
0.0001649
0.0001872
0.0000713
0.0004189
0.0004412
0.0002228
0.0002585
0.0003744
0.0002006
0.0001248
0.0001560
0.0000535
0.0002540
0.0001961
0.0004903
0.0007354
0.0000624
0.0003521
0.0002050
0.0002318
0.0002763
0.0002095
0.0001471
0.0000936
0.0001159
0.0004769
0.0002540
0.0002318
0.0001961
0.0003610
0.0001426
0.0002451
0.0001293
0.0002139
0.0001159
0.0001070
0.0002006
0.0002139
0.0002228
0.0003432
0.0005125
0.0006864
0.0004724
0.0003833
0.0004100
0.0004234
0.0001070
0.0001783
0.0001783
0.0006730
0.0001159
0.0001783
0.0002630
0.0002050
0.0002808
0.0002139
0.0000891
0.0002496
0.0002451
0.0001471
0.0005839
0.0006106
0.0004145
0.0002362
0.0003610
0.0001560
0.0003031
0.0001604
0.0000490
0.0000669
0.0003164
0.0002318
0.0001203
0.0000312
0.0001872
0.0001827
0.0001025
0.0000802
0.0001070
0.0003031
0.0004056
0.0006908
0.0000579
0.0001248
0.0000624
0.0001560
0.0002273
0.0001515
0.0001070
0.0006596
0.0003967
0.0001337
0.0001738
0.0003164
0.0000624
0.0002050
0.0002808
0.0000357
0.0004412
0.0003566
0.0001025
0.0000357
0.0003209
0.0001293
0.0001916
0.0002184
0.0002852
0.0000223
0.0002184
0.0001471
0.0000357
0.0001827
0.0000535
0.0002719
0.0002719
0.0003432
0.0001515
0.0002006
0.0002228
0.0001604
0.0002496
0.0002006
0.0002050
0.0001382
0.0001337
0.0001649
0.0001560
0.0002897
0.0001738
0.0001515
0.0002407
0.0000178
0.0002362
0.0002050
0.0001515
0.0002451
0.0000446
0.0002228
0.0001471
0.0000713
0.0002407
0.0003655
0.0002050
0.0001382
0.0005348
0.0001961
0.0002407
0.0000713
0.0000178
0.0000981
0.0002139
0.0000446
0.0002808
0.0000981
0.0002897
0.0000401
0.0002585
0.0002095
0.0003699
0.0002540
0.0002852
0.0002095
0.0000446
0.0001916
0.0001426
0.0001293
0.0002006
0.0000579
0.0004011
0.0002496
0.0001248
0.0000802
0.0000624
0.0002006
0.0001382
0.0000802
0.0002184
0.0001471
0.0002050
0.0001694
0.0000981
0.0001159
0.0002407
0.0001560
0.0002942
0.0002763
0.0001070
0.0000579
0.0003343
0.0001560
0.0002273
0.0001114
0.0000178
0.0001070
0.0000891
0.0001471
0.0000891
0.0001293
0.0000713
0.0000847
0.0001248
0.0000669
0.0001114
0.0001783
0.0002719
0.0003610
0.0000446
0.0003699
0.0001738
0.0001515
0.0002942
0.0002318
0.0000891
0.0002139
0.0002050
0.0003120
0.0002095
0.0001738
0.0001872
0.0000802
0.0000178
0.0000490
0.0000446
0.0000936
0.0001070
0.0001114
0.0000357
0.0001961
0.0000624
0.0001916
0.0002184
0.0000713
0.0001827
0.0000312
0.0000847
0.0002184
0.0000490
0.0000891
0.0000446
0.0001515
0.0001471
0.0001337
0.0001515
0.0000802
0.0001203
0.0000669
0.0000758
0.0000981
0.0001159
0.0002852
0.0000535
0.0002139
0.0001649
0.0001203
0.0002184
0.0001649
0.0001248
0.0000357
0.0001293
0.0000713
0.0000535
0.0002139
0.0002540
0.0000669
0.0000758
0.0001025
0.0002852
0.0001560
0.0001916
0.0003967
0.0001114
0.0000490
0.0001114
0.0000624
0.0000490
0.0000713
0.0004813
0.0002139
0.0004724
0.0001738
0.0004813
0.0003833
0.0000490
0.0000713
0.0001916
0.0001382
0.0000267
0.0000936
0.0001293
0.0000357
0.0002139
0.0001694
0.0000713
0.0001738
0.0000713
0.0001382
0.0001248
0.0001382
0.0002942
0.0000891
0.0002362
0.0002407
0.0003209
0.0000178
0.0001293
0.0000357
0.0001248
0.0001604
0.0000669
0.0001025
0.0000579
0.0001827
0.0001114
0.0001961
0.0002228
0.0001382
0.0001515
0.0000847
0.0000223
0.0000357
0.0000669
0.0000535
0.0001159
0.0000535
0.0001872
0.0001872
0.0001471
0.0001203
0.0000936
0.0001337
0.0002852
0.0002006
0.0000847
0.0003031
0.0002050
0.0002006
0.0001426
0.0003432
0.0001337
0.0001515
0.0000312
0.0000669
0.0000045
0.0002006
0.0003655
0.0001471
0.0000713
0.0000357
0.0001382
0.0000178
0.0000490
0.0002095
0.0001293
0.0001738
0.0000802
0.0003164
0.0001604
0.0001783
0.0000535
0.0003031
0.0001649
0.0002585
0.0000178
0.0001114
0.0000713
0.0000669
0.0000535
0.0001114
0.0000312
0.0002719
0.0001159
0.0000669
0.0000847
0.0000847
0.0000936
0.0000178
0.0002763
0.0001114
0.0001604
0.0000624
0.0002540
0.0000891
0.0002318
0.0000357
0.0002585
0.0001604
0.0001025
0.0001293
0.0002719
0.0002763
0.0002451
0.0001293
0.0001203
0.0001293
0.0002407
0.0001471
0.0002719
0.0000713
0.0000089
0.0000758
0.0000847
0.0002451
0.0001070
0.0001471
0.0000446
0.0001159
0.0000357
0.0000178
0.0000624
0.0000802
0.0000579
0.0000579
0.0000847
0.0000802
0.0002050
0.0001604
0.0001203
0.0000713
0.0002407
0.0001025
0.0000357
0.0000357
0.0000490
0.0000535
0.0000713
0.0001560
0.0000802
0.0001783
0.0001694
0.0000357
0.0000089
0.0000891
0.0001604
0.0000936
0.0000847
0.0001114
0.0001337
0.0000713
0.0001471
0.0001248
0.0001560
0.0001471
0.0000267
0.0002362
0.0000936
0.0000357
0.0001159
0.0000535
0.0000713
0.0000713
0.0001337
0.0000624
0.0001471
0.0000357
0.0001248
0.0001738
0.0001070
0.0001694
0.0001471
0.0001560
0.0000936
0.0000446
0.0000446
0.0001159
0.0000669
0.0000936
0.0001159
0.0000669
0.0000758
0.0001248
0.0001382
0.0002184
0.0002095
0.0000713
0.0000535
0.0005928
0.0001694
0.0001025
0.0000312
0.0000535
0.0000535
0.0001961
0.0002006
0.0000401
0.0000579
0.0000535
0.0000267
0.0000357
0.0001248
0.0000758
0.0001916
0.0000401
0.0000357
0.0000802
0.0001382
0.0001560
0.0000802
0.0002050
0.0000490
0.0001872
0.0001025
0.0000579
0.0001827
0.0001694
0.0001025
0.0001560
0.0000669
0.0001783
0.0001159
0.0002585
0.0001471
0.0001114
0.0000178
0.0000669
0.0000357
0.0000669
0.0002095
0.0001070
0.0000223
0.0000535
0.0000669
0.0001738
0.0000312
0.0001293
0.0000223
0.0000178
0.0001025
0.0000713
0.0001070
0.0000178
0.0000891
0.0000713
0.0002496
0.0000401
0.0000357
0.0000178
0.0002451
0.0000446
0.0000891
0.0001426
0.0000357
0.0000802
0.0001159
0.0000535
0.0001471
0.0000713
0.0000847
0.0000669
0.0000134
0.0001649
0.0001783
0.0002674
0.0001827
0.0000936
0.0000758
0.0001471
0.0000936
0.0002184
0.0000357
0.0002630
0.0000802
0.0000624
0.0000936
0.0000535
0.0001025
0.0000669
0.0000579
0.0001025
0.0000579
0.0000936
0.0000758
0.0000847
0.0000624
0.0000357
0.0000357
0.0000267
0.0000535
0.0000936
0.0000981
0.0000891
0.0001337
0.0000490
0.0001560
0.0000535
0.0000713
0.0000713
0.0000357
0.0001293
0.0001114
0.0000802
0.0001471
0.0001560
0.0000401
0.0001604
0.0000401
0.0000312
0.0000981
0.0002719
0.0000357
0.0000267
0.0000669
0.0001070
0.0001159
0.0001604
0.0000579
0.0000847
0.0000357
0.0000758
0.0001382
0.0001025
0.0000535
0.0000535
0.0001649
0.0000223
0.0001738
0.0000089
0.0000178
0.0001293
0.0000446
0.0001114
0.0000446
0.0000802
0.0000669
0.0000713
0.0001025
0.0001560
0.0000357
0.0000624
0.0000713
0.0001783
0.0000223
0.0000802
0.0001738
0.0001114
0.0000178
0.0000936
0.0001025
0.0000981
0.0001694
0.0000669
0.0001025
0.0000981
0.0000401
0.0000624
0.0001382
0.0000178
0.0000802
0.0000758
0.0001783
0.0001515
0.0001203
0.0000446
0.0001961
0.0000624
0.0000669
0.0001382
0.0001738
0.0000312
0.0002451
0.0001114
0.0000446
0.0000178
0.0000535
0.0001159
0.0003254
0.0000312
0.0000223
0.0000178
0.0000357
0.0000758
0.0000758
0.0000802
0.0002006
0.0000446
0.0000802
0.0001070
0.0000981
0.0000357
0.0000490
0.0000758
0.0000713
0.0001114
0.0000891
0.0000446
0.0001738
0.0000713
0.0001203
0.0001604
0.0001426
0.0000357
0.0000089
0.0000758
0.0000446
0.0000089
0.0001337
0.0000758
0.0000891
0.0000891
0.0000669
0.0001025
0.0001694
0.0001872
0.0001159
0.0000891
0.0000579
0.0000891
0.0000758
0.0001203
0.0001426
0.0000178
0.0001872
0.0001916
0.0001872
0.0000802
0.0001783
0.0001159
0.0001248
0.0001248
0.0001025
0.0000446
0.0001515
0.0001159
0.0000713
0.0000178
0.0000357
0.0000267
0.0000624
0.0001159
0.0000891
0.0001337
0.0000936
0.0001070
0.0001337
0.0001070
0.0001872
0.0000223
0.0000401
0.0001694
0.0000579
0.0000535
0.0000267
0.0000579
0.0001070
0.0000178
0.0000713
0.0000401
0.0000535
0.0000758
0.0000713
0.0000713
0.0000357
0.0002318
0.0000357
0.0000669
0.0001114
0.0000535
0.0001426
0.0000713
0.0000490
0.0000981
0.0000936
0.0001293
0.0001471
0.0000981
0.0000178
0.0000178
0.0000178
0.0001471
0.0000713
0.0000847
0.0002095
0.0000490
0.0000981
0.0000178
0.0000357
0.0000312
0.0001114
0.0000178
0.0000624
0.0000579
0.0001604
0.0000713
0.0000847
0.0000357
0.0000891
0.0000847
0.0000267
0.0000045
0.0000401
0.0000802
0.0000669
0.0000357
0.0000357
0.0000357
0.0000981
0.0001248
0.0001025
0.0000713
0.0000802
0.0000357
0.0001114
0.0000847
0.0001649
0.0001070
0.0002095
0.0000535
0.0000178
0.0000446
0.0001382
0.0001070
0.0000178
0.0000357
0.0000579
0.0000981
0.0001025
0.0000178
0.0000579
0.0000535
0.0000891
0.0001248
0.0001471
0.0000936
0.0000891
0.0000847
0.0002318
0.0002095
0.0000802
0.0001248
0.0000936
0.0000446
0.0000446
0.0000758
0.0000535
0.0000758
0.0000357
0.0000267
0.0002585
0.0001471
0.0000357
0.0000535
0.0000178
0.0001337
0.0001070
0.0000401
0.0001337
0.0000267
0.0000802
0.0001426
0.0000624
0.0000178
0.0000357
0.0000669
0.0000267
0.0000446
0.0000312
0.0000312
0.0000579
0.0001783
0.0000178
0.0000401
0.0000981
0.0000134
0.0000490
0.0000624
0.0000446
0.0000267
0.0001070
0.0000089
0.0001604
0.0001070
0.0000446
0.0000312
0.0000446
0.0000357
0.0000981
0.0000891
0.0000981
0.0002006
0.0000802
0.0000490
0.0000713
0.0000446
0.0000490
0.0000357
0.0000847
0.0000446
0.0000490
0.0000490
0.0000312
0.0000936
0.0001471
0.0001916
0.0001114
0.0001382
0.0000223
0.0000178
0.0000535
0.0001070
0.0000357
0.0001159
0.0000802
0.0000758
0.0001337
0.0000223
0.0001515
0.0001025
0.0000267
0.0001337
0.0001070
0.0001694
0.0001471
0.0001560
0.0000446
0.0001070
0.0001471
0.0001025
0.0001604
0.0000178
0.0000579
0.0000357
0.0000178
0.0001783
0.0001203
0.0000535
0.0000446
0.0000847
0.0001293
0.0000446
0.0001694
0.0000758
0.0000223
0.0000669
0.0000891
0.0000579
0.0000936
0.0001203
0.0000758
0.0000089
0.0000758
0.0000713
0.0000045
0.0002228
0.0000089
0.0000713
0.0000357
0.0000357
0.0000045
0.0001025
0.0000490
0.0001426
0.0000847
0.0002006
0.0000713
0.0000535
0.0000713
0.0000312
0.0000089
0.0000357
0.0000178
0.0000357
0.0000713
0.0000535
0.0000579
0.0000446
0.0000267
0.0000669
0.0000490
0.0000446
0.0000490
0.0000624
0.0001337
0.0000891
0.0000490
0.0000802
0.0000713
0.0000579
0.0000267
0.0000357
0.0000267
0.0000936
0.0001070
0.0001025
0.0000357
0.0000401
0.0000401
0.0000624
0.0001070
0.0000624
0.0000401
0.0000535
0.0001382
0.0000891
0.0000045
0.0000178
0.0000669
0.0001114
0.0000357
0.0000178
0.0000401
0.0001382
0.0000579
0.0000357
0.0000847
0.0001248
0.0000891
0.0000802
0.0002139
0.0000357
0.0001025
0.0000981
0.0001203
0.0001025
0.0000624
0.0001203
0.0000535
0.0000847
0.0001293
0.0000446
0.0000891
0.0000981
0.0000178
0.0000312
0.0001694
0.0000802
0.0001114
0.0000891
0.0000579
0.0000267
0.0000178
0.0001560
0.0000936
0.0000490
0.0000401
0.0000089
0.0000490
0.0000134
0.0000312
0.0000312
0.0000490
0.0000357
0.0002095
0.0000357
0.0001471
0.0000178
0.0000446
0.0000401
0.0000490
0.0000357
0.0000178
0.0000535
0.0001560
0.0001114
0.0000490
0.0000357
0.0001203
0.0000713
0.0000490
0.0001248
0.0000535
0.0000669
0.0000669
0.0000936
0.0000579
0.0001114
0.0000758
0.0001159
0.0000178
0.0000312
0.0000579
0.0000089
0.0001515
0.0000624
0.0000357
0.0000936
0.0000535
0.0000758
0.0000758
0.0000490
0.0000401
0.0001070
0.0000847
0.0000535
0.0001114
0.0000624
0.0000223
0.0001070
0.0000891
0.0000401
0.0000446
0.0000535
0.0000713
0.0000312
0.0000802
0.0000535
0.0001337
0.0000401
0.0000624
0.0001025
0.0000312
0.0000357
0.0000802
0.0000669
0.0001070
0.0000357
0.0000089
0.0000802
0.0001025
0.0000134
0.0000579
0.0001114
0.0000669
0.0000223
0.0000936
0.0000535
0.0000579
0.0000936
0.0001070
0.0000802
0.0000535
0.0000847
0.0000357
0.0001159
0.0001159
0.0000624
0.0000490
0.0000490
0.0000357
0.0000758
0.0000669
0.0000535
0.0001471
0.0001248
0.0000223
0.0000490
0.0001248
0.0000981
0.0001604
0.0001025
0.0000936
0.0000936
0.0000936
0.0000669
0.0000446
0.0000981
0.0000579
0.0000579
0.0000535
0.0000624
0.0000713
0.0001025
0.0000535
0.0000981
0.0000847
0.0001159
0.0000758
0.0000891
0.0000891
0.0000178
0.0000669
0.0000267
0.0000490
0.0000312
0.0000535
0.0000178
0.0000847
0.0000490
0.0001337
0.0000312
0.0000847
0.0000758
0.0000178
0.0001426
0.0000579
0.0000134
0.0000178
0.0000669
0.0000312
0.0000401
0.0000446
0.0000579
0.0000490
0.0000624
0.0000624
0.0000624
0.0000401
0.0000981
0.0000802
0.0000713
0.0000535
0.0000624
0.0001248
0.0000579
0.0000178
0.0000624
0.0001114
0.0000713
0.0000713
0.0000178
0.0000624
0.0000758
0.0000178
0.0001203
0.0000357
0.0000490
0.0000891
0.0000579
0.0000713
0.0000847
0.0000401
0.0000535
0.0000401
0.0000178
0.0000490
0.0000000
0.0000446
0.0000134
0.0000624
0.0000624
0.0000089
0.0000802
0.0000357
0.0001248
0.0000401
0.0000758
0.0000891
0.0000267
0.0000446
0.0000669
0.0000758
0.0001203
0.0000579
0.0000847
0.0000579
0.0000357
0.0000535
0.0000312
0.0000178
0.0000446
0.0000490
0.0000267
0.0000401
0.0000357
0.0000178
0.0000357
0.0000758
0.0000535
0.0000267
0.0000891
0.0000446
0.0001426
0.0000401
0.0000847
0.0000891
0.0001159
0.0000713
0.0000178
0.0000669
0.0002674
0.0000178
0.0000847
0.0001203
0.0000579
0.0000624
0.0001070
0.0001114
0.0000624
0.0001248
0.0000624
0.0000936
0.0000446
0.0000446
0.0000535
0.0000357
0.0001293
0.0001337
0.0000446
0.0001025
0.0000446
0.0000802
0.0000758
0.0001159
0.0000847
0.0000802
0.0001114
0.0000178
0.0001114
0.0000446
0.0000802
0.0000891
0.0000401
0.0000312
0.0000802
0.0000178
0.0000223
0.0000357
0.0000178
0.0001203
0.0000535
0.0000312
0.0000490
0.0000713
0.0000669
0.0000758
0.0000579
0.0000579
0.0000089
0.0000178
0.0000223
0.0000669
0.0000490
0.0000847
0.0000936
0.0000357
0.0000981
0.0000624
0.0000981
0.0000847
0.0000134
0.0000312
0.0000579
0.0000089
0.0000178
0.0000267
0.0000223
0.0000357
0.0000713
0.0000490
0.0000312
0.0000312
0.0000446
0.0000758
0.0000446
0.0000669
0.0000178
0.0000223
0.0000669
0.0000357
0.0000535
0.0000579
0.0000758
0.0001114
0.0000535
0.0000713
0.0000089
0.0000713
0.0000847
0.0000624
0.0000089
0.0000713
0.0000357
0.0000312
0.0000178
0.0000624
0.0000624
0.0000713
0.0000357
0.0000579
0.0000713
0.0001248
0.0000847
0.0000802
0.0001070
0.0000847
0.0000357
0.0000936
0.0000401
0.0000490
0.0000758
0.0000312
0.0000624
0.0000579
0.0000936
0.0000357
0.0000713
0.0000401
0.0000713
0.0000936
0.0000535
0.0000847
0.0000535
0.0000446
0.0000579
0.0000669
0.0000134
0.0000535
0.0000579
0.0000669
0.0000045
0.0000758
0.0000624
0.0000401
0.0000267
0.0000223
0.0000669
0.0000490
0.0000758
0.0000802
0.0000401
0.0000267
0.0000579
0.0001025
0.0000535
0.0000535
0.0000535
0.0000357
0.0000535
0.0000490
0.0000357
0.0000178
0.0000357
0.0001025
0.0000579
0.0000579
0.0000713
0.0000579
0.0000312
0.0000267
0.0000357
0.0000312
0.0000802
0.0000312
0.0000223
0.0000535
0.0000357
0.0000357
0.0000178
0.0001025
0.0000446
0.0000178
0.0000312
0.0001025
0.0000267
0.0000535
0.0000713
0.0000312
0.0000312
0.0000758
0.0000312
0.0000446
0.0000535
0.0000579
0.0000579
0.0001649
0.0000357
0.0000669
0.0001337
0.0000669
0.0001070
0.0000446
0.0000401
0.0000713
0.0000267
0.0000669
0.0000847
0.0000267
0.0000624
0.0000758
0.0000802
0.0000446
0.0000624
0.0000758
0.0001248
0.0000891
0.0000535
0.0000624
0.0000401
0.0000758
0.0000312
0.0000936
0.0000669
0.0000267
0.0001070
0.0001159
0.0000847
0.0000847
0.0000891
0.0000891
0.0000981
0.0000579
0.0000446
0.0000669
0.0000847
0.0000758
0.0000446
0.0000847
0.0000936
0.0001426
0.0000891
0.0000535
0.0000847
0.0000535
0.0001025
0.0000357
0.0000401
0.0000535
0.0000802
0.0000713
0.0000490
0.0000758
0.0000312
0.0000535
0.0000713
0.0001471
0.0000713
0.0001159
0.0000446
0.0000535
0.0000579
0.0000891
0.0000490
0.0000357
0.0000267
0.0000758
0.0000178
0.0000223
0.0000223
0.0000535
0.0000267
0.0000178
0.0000357
0.0000446
0.0000624
0.0000178
0.0000535
0.0000045
0.0000936
0.0000401
0.0000178
0.0000446
0.0000357
0.0000178
0.0000357
0.0000446
0.0000357
0.0000713
0.0000357
0.0000312
0.0000401
0.0000401
0.0000357
0.0000223
0.0000535
0.0000535
0.0000357
0.0000579
0.0000758
0.0000713
0.0000446
0.0000357
0.0000401
0.0000446
0.0000446
0.0000178
0.0000223
0.0000267
0.0000178
0.0000357
0.0000669
0.0000134
0.0000178
0.0000713
0.0000535
0.0000713
0.0000891
0.0000579
0.0000446
0.0000401
0.0000446
0.0000045
0.0000535
0.0000624
0.0000669
0.0000535
0.0000357
0.0000535
0.0000579
0.0000089
0.0000802
0.0000357
0.0000134
0.0000624
0.0000446
0.0000312
0.0000357
0.0000089
0.0000446
0.0000535
0.0000713
0.0000357
0.0000446
0.0000357
0.0000669
0.0000357
0.0000312
0.0000134
0.0000446
0.0000936
0.0000758
0.0000312
0.0000178
0.0000624
0.0000847
0.0000312
0.0000535
0.0000624
0.0000446
0.0000758
0.0000401
0.0000669
0.0000669
0.0000669
0.0000624
0.0000802
0.0001070
0.0000267
0.0000490
0.0000579
0.0000267
0.0000669
0.0000357
0.0000312
0.0000401
0.0000223
0.0000579
0.0000669
0.0000178
0.0000089
0.0000357
0.0001070
0.0000802
0.0000312
0.0000312
0.0000357
0.0000446
0.0000446
0.0000936
0.0000134
0.0000802
0.0000669
0.0000178
0.0000669
0.0000357
0.0000267
0.0000223
0.0000223
0.0000579
0.0000847
0.0000401
0.0000401
0.0000178
0.0000446
0.0000847
0.0000357
0.0000713
0.0001203
0.0000357
0.0000891
0.0000624
0.0000357
0.0000936
0.0000936
0.0000401
0.0000624
0.0000535
0.0000178
0.0000535
0.0000178
0.0000802
0.0000758
0.0000134
0.0000357
0.0000624
0.0000446
0.0000579
0.0000401
0.0001293
0.0000490
0.0000579
0.0000312
0.0000669
0.0000490
0.0000535
0.0000802
0.0000178
0.0000891
0.0000847
0.0000178
0.0000669
0.0000669
0.0000669
0.0001426
0.0000579
0.0000446
0.0000490
0.0000178
0.0000312
0.0000045
0.0000312
0.0000802
0.0000446
0.0000357
0.0000357
0.0000713
0.0000267
0.0000045
0.0000401
0.0000669
0.0000535
0.0000267
0.0000357
0.0000579
0.0000579
0.0000178
0.0000178
0.0000490
0.0000981
0.0000891
0.0001159
0.0000936
0.0000802
0.0000847
0.0000758
0.0001025
0.0001114
0.0000579
0.0000669
0.0000758
0.0000490
0.0000357
0.0000802
0.0000446
0.0000713
0.0001159
0.0001114
0.0000624
0.0000802
0.0000669
0.0000713
0.0000490
0.0000446
0.0001471
0.0000357
0.0000446
0.0000178
0.0000847
0.0000446
0.0000624
0.0000490
0.0000669
0.0000446
0.0000535
0.0000624
0.0000758
0.0000579
0.0000178
0.0000802
0.0000713
0.0000891
0.0000579
0.0001025
0.0000624
0.0000669
0.0000178
0.0000267
0.0000802
0.0000713
0.0001159
0.0001293
0.0000669
0.0001070
0.0000535
0.0000579
0.0000446
0.0000357
0.0000446
0.0000357
0.0000401
0.0000669
0.0000446
0.0000178
0.0000223
0.0000624
0.0000802
0.0000535
0.0000267
0.0000669
0.0000312
0.0000401
0.0000624
0.0000579
0.0000758
0.0000535
0.0000669
0.0000891
0.0000357
0.0000535
0.0000847
0.0000357
0.0000178
0.0000357
0.0000669
0.0000178
0.0000267
0.0000758
0.0000535
0.0000624
0.0000357
0.0000178
0.0000178
0.0000401
0.0000357
0.0000223
0.0000089
0.0000357
0.0000579
0.0000401
0.0000178
0.0000357
0.0000178
0.0000178
0.0000624
0.0000267
0.0000178
0.0000312
0.0000267
0.0000624
0.0000178
0.0000357
0.0000267
0.0000490
0.0000178
0.0000223
0.0000669
0.0000669
0.0000178
0.0000490
0.0000446
0.0000713
0.0000579
0.0000267
0.0000267
0.0000401
0.0000178
0.0000490
0.0000713
0.0000847
0.0000267
0.0000936
0.0000178
0.0000490
0.0000669
0.0000357
0.0000178
0.0000178
0.0000446
0.0000401
0.0000446
0.0000446
0.0000713
0.0000490
0.0000178
0.0000178
0.0000713
0.0000624
0.0000669
0.0000847
0.0000089
0.0000401
0.0000446
0.0000178
0.0000490
0.0000669
0.0000267
0.0000357
0.0000401
0.0000357
0.0000401
0.0000357
0.0000045
0.0000178
0.0000490
0.0000579
0.0000312
0.0000535
0.0000490
0.0000669
0.0000223
0.0000357
0.0000535
0.0000758
0.0000178
0.0000357
0.0000178
0.0000891
0.0000669
0.0000535
0.0000401
0.0000936
0.0000490
0.0000401
0.0000535
0.0000446
0.0000178
0.0000535
0.0000446
0.0000357
0.0000401
0.0000535
0.0000401
0.0000446
0.0000223
0.0000178
0.0001070
0.0000178
0.0000178
0.0000669
0.0000357
0.0000357
0.0000535
0.0000178
0.0000624
0.0000401
0.0000446
0.0000490
0.0000089
0.0000357
0.0000891
0.0000223
0.0000312
0.0000535
0.0000178
0.0000490
0.0000669
0.0000357
0.0000446
0.0000802
0.0000446
0.0000490
0.0000312
0.0000446
0.0000357
0.0000758
0.0000713
0.0000535
0.0000267
0.0000579
0.0000401
0.0000713
0.0000357
0.0000446
0.0000223
0.0000178
0.0000178
0.0000847
0.0000357
0.0000579
0.0000223
0.0000847
0.0000401
0.0000357
0.0000312
0.0000490
0.0000446
0.0000357
0.0000490
0.0000446
0.0000802
0.0000357
0.0000045
0.0000579
0.0000579
0.0000178
0.0000134
0.0000357
0.0000535
0.0000178
0.0000178
0.0000579
0.0000267
0.0000401
0.0000178
0.0000178
0.0000401
0.0000357
0.0000357
0.0000490
0.0000535
0.0000490
0.0000535
0.0000178
0.0000936
0.0000535
0.0000178
0.0000357
0.0000535
0.0000490
0.0000535
0.0000490
0.0000847
0.0000579
0.0000178
0.0000401
0.0000624
0.0000535
0.0000267
0.0000357
0.0000490
0.0000802
0.0000713
0.0000758
0.0000490
0.0000535
0.0000490
0.0000624
0.0000267
0.0000535
0.0000624
0.0000312
0.0000535
0.0000847
0.0000446
0.0000535
0.0000490
0.0000357
0.0000267
0.0000891
0.0000312
0.0000401
0.0000802
0.0000669
0.0000312
0.0000802
0.0000178
0.0000446
0.0000713
0.0000357
0.0000178
0.0000669
0.0000713
0.0000758
0.0000357
0.0000401
0.0000624
0.0000178
0.0000312
0.0000446
0.0000312
0.0000267
0.0000624
0.0000624
0.0000446
0.0000178
0.0000134
0.0000936
0.0000312
0.0000535
0.0000446
0.0000223
0.0000178
0.0000802
0.0000134
0.0000223
0.0000312
0.0000312
0.0000178
0.0000490
0.0000624
0.0000134
0.0000981
0.0000535
0.0000357
0.0000490
0.0000312
0.0000446
0.0000535
0.0000713
0.0000223
0.0000624
0.0000267
0.0000223
0.0000802
0.0000758
0.0000223
0.0000624
0.0000535
0.0000579
0.0000223
0.0000401
0.0000446
0.0000490
0.0000624
0.0000178
0.0000490
0.0000089
0.0000847
0.0000758
0.0000178
0.0000312
0.0000357
0.0000669
0.0000535
0.0000490
0.0000178
0.0000847
0.0000446
0.0000669
0.0000981
0.0001293
0.0000223
0.0000267
0.0000847
0.0000713
0.0000312
0.0000357
0.0000267
0.0000490
0.0000401
0.0000624
0.0000802
0.0000401
0.0000446
0.0000535
0.0000490
0.0000936
0.0000490
0.0000535
0.0000357
0.0000758
0.0000401
0.0000446
0.0000713
0.0000401
0.0000535
0.0000579
0.0000535
0.0000535
0.0000490
0.0000357
0.0000490
0.0000357
0.0000446
0.0000713
0.0000624
0.0000223
0.0000401
0.0000267
0.0000312
0.0000267
0.0000446
0.0000312
0.0000312
0.0000490
0.0000357
0.0000490
0.0000446
0.0000178
0.0000357
0.0000936
0.0000535
0.0000223
0.0000490
0.0000802
0.0000312
0.0000490
0.0000223
0.0000357
0.0000535
0.0000401
0.0000178
0.0000446
0.0000446
0.0000446
0.0000178
0.0000446
0.0001382
0.0000357
0.0000178
0.0000446
0.0000713
0.0000223
0.0000579
0.0000446
0.0000624
0.0000624
0.0000267
0.0000401
0.0000357
0.0000357
0.0000624
0.0000535
0.0000624
0.0000669
0.0000357
0.0000357
0.0000223
0.0000490
0.0000223
0.0000312
0.0000535
0.0000758
0.0000223
0.0000401
0.0000223
0.0000267
0.0000178
0.0000579
0.0000178
0.0000223
0.0000535
0.0000312
0.0000579
0.0000490
0.0000490
0.0000357
0.0000624
0.0000178
0.0000490
0.0000579
0.0000223
0.0000312
0.0000535
0.0000401
0.0000490
0.0000758
0.0000535
0.0000401
0.0000535
0.0000624
0.0000847
0.0000446
0.0001114
0.0000401
0.0000178
0.0000223
0.0000490
0.0000446
0.0000758
0.0000669
0.0000891
0.0000535
0.0000223
0.0000535
0.0000535
0.0000802
0.0000312
0.0000579
0.0000802
0.0000579
0.0000535
0.0000624
0.0000446
0.0000178
0.0000535
0.0000312
0.0000802
0.0000891
0.0000535
0.0000401
0.0000267
0.0000535
0.0000847
0.0000401
0.0000312
0.0000713
0.0000223
0.0000579
0.0000045
0.0000669
0.0000267
0.0000535
0.0000401
0.0000446
0.0000357
0.0000401
0.0000267
0.0000669
0.0000178
0.0000178
0.0000535
0.0000178
0.0000535
0.0000134
0.0000089
0.0000089
0.0000312
0.0000312
0.0000579
0.0000089
0.0000357
0.0000535
0.0000624
0.0000178
0.0000267
0.0000490
0.0000535
0.0000624
0.0000267
0.0000758
0.0000535
0.0000178
0.0000267
0.0000624
0.0000178
0.0000178
0.0000178
0.0000312
0.0000579
0.0000312
0.0000045
0.0000089
0.0000446
0.0000357
0.0000401
0.0000045
0.0000490
0.0000223
0.0000312
0.0000312
0.0000624
0.0000401
0.0000312
0.0000178
0.0000357
0.0000446
0.0000357
0.0000357
0.0000535
0.0000134
0.0000535
0.0000089
0.0000178
0.0000490
0.0000357
0.0000579
0.0000178
0.0000312
0.0000357
0.0000357
0.0000446
0.0000312
0.0000089
0.0000178
0.0000223
0.0000847
0.0000446
0.0000446
0.0000267
0.0000267
0.0000535
0.0000357
0.0000713
0.0000223
0.0000178
0.0000579
0.0000267
0.0000178
0.0000178
0.0000267
0.0000535
0.0000535
0.0000223
0.0000669
0.0000178
0.0000535
0.0000223
0.0000535
0.0000446
0.0000357
0.0000579
0.0000669
0.0000089
0.0000446
0.0000089
0.0000178
0.0000357
0.0000312
0.0000401
0.0000089
0.0000446
0.0000357
0.0000089
0.0000446
0.0000401
0.0000223
0.0000357
0.0000490
0.0000312
0.0000223
0.0000624
0.0000223
0.0000089
0.0000446
0.0000579
0.0000267
0.0000802
0.0000401
0.0000223
0.0000490
0.0000312
0.0000490
0.0000579
0.0000178
0.0000357
0.0000357
0.0000312
0.0000178
0.0000357
0.0000223
0.0000357
0.0000579
0.0000579
0.0000178
0.0000579
0.0000357
0.0000401
0.0000134
0.0000223
0.0000134
0.0000223
0.0000535
0.0000446
0.0000357
0.0000490
0.0000178
0.0000357
0.0000713
0.0000267
0.0000446
0.0000089
0.0000535
0.0000178
0.0000936
0.0000401
0.0000847
0.0000490
0.0000178
0.0000312
0.0000401
0.0000223
0.0000312
0.0000357
0.0000357
0.0000357
0.0000134
0.0000357
0.0000357
0.0000490
0.0000357
0.0000045
0.0000401
0.0000758
0.0000713
0.0000490
0.0000669
0.0000357
0.0000401
0.0000713
0.0000178
0.0000401
0.0000446
0.0000045
0.0000267
0.0000401
0.0000535
0.0000490
0.0000535
0.0000089
0.0000045
0.0000847
0.0000401
0.0000713
0.0000178
0.0000223
0.0000490
0.0000267
0.0000357
0.0000624
0.0000134
0.0000045
0.0000535
0.0000312
0.0000357
0.0000312
0.0000178
0.0000579
0.0000178
0.0000446
0.0000357
0.0000401
0.0000535
0.0000624
0.0000535
0.0001070
0.0000357
0.0000267
0.0000401
0.0000669
0.0000223
0.0000669
0.0000178
0.0000178
0.0000223
0.0000312
0.0000713
0.0000357
0.0000624
0.0000178
0.0000579
0.0000401
0.0000223
0.0000267
0.0000178
0.0000713
0.0000267
0.0000357
0.0000758
0.0000089
0.0000223
0.0000312
0.0000223
0.0000535
0.0000357
0.0000267
0.0000624
0.0000357
0.0000535
0.0000357
0.0000446
0.0000000
0.0000401
0.0000446
0.0000401
0.0000223
0.0000535
0.0000624
0.0000981
0.0000000
0.0000535
0.0000624
0.0000490
0.0000936
0.0000134
0.0000936
0.0000357
0.0000446
0.0000178
0.0000178
0.0000223
0.0000178
0.0000178
0.0000178
0.0000446
0.0000357
0.0000223
0.0000669
0.0000178
0.0000490
0.0000713
0.0000713
0.0000357
0.0000535
0.0000401
0.0000357
0.0000267
0.0000267
0.0000267
0.0000357
0.0000357
0.0000089
0.0000267
0.0000401
0.0000357
0.0000357
0.0000178
0.0000490
0.0000089
0.0000446
0.0000535
0.0000357
0.0000223
0.0000981
0.0000267
0.0000535
0.0000624
0.0000401
0.0000401
0.0000312
0.0000446
0.0000891
0.0000535
0.0000847
0.0000357
0.0000178
0.0000045
0.0000267
0.0000535
0.0000579
0.0000401
0.0000357
0.0000357
0.0000089
0.0000401
0.0000089
0.0000713
0.0000490
0.0000669
0.0000401
0.0000312
0.0000312
0.0000401
0.0000357
0.0000178
0.0000802
0.0000178
0.0000223
0.0000312
0.0000223
0.0000847
0.0000401
0.0000535
0.0000490
0.0000267
0.0000446
0.0000178
0.0000490
0.0000267
0.0000490
0.0000579
0.0000357
0.0000535
0.0000223
0.0000089
0.0000045
0.0000267
0.0000178
0.0000401
0.0000357
0.0000357
0.0000357
0.0000267
0.0000045
0.0000223
0.0000446
0.0000312
0.0000847
0.0000490
0.0000401
0.0000223
0.0000267
0.0000936
0.0000401
0.0000401
0.0000357
0.0000446
0.0000312
0.0000490
0.0000357
0.0000178
0.0000312
0.0000178
0.0000178
0.0000357
0.0000624
0.0000312
0.0000579
0.0000891
0.0000535
0.0000312
0.0000535
0.0000178
0.0000446
0.0000446
0.0000669
0.0000045
0.0000223
0.0000357
0.0000178
0.0000401
0.0000446
0.0000535
0.0000178
0.0000178
0.0000802
0.0000535
0.0000357
0.0000178
0.0000267
0.0000357
0.0000178
0.0000312
0.0000446
0.0000312
0.0000357
0.0000535
0.0000178
0.0000267
0.0000713
0.0000401
0.0000936
0.0000267
0.0000267
0.0000535
0.0000000
0.0000223
0.0000045
0.0000490
0.0000134
0.0000579
0.0000223
0.0000847
0.0000178
0.0000446
0.0000045
0.0000579
0.0000357
0.0000223
0.0000357
0.0000178
0.0000535
0.0000446
0.0000178
0.0000178
0.0000802
0.0000312
0.0000446
0.0000312
0.0001159
0.0000312
0.0000579
0.0000223
0.0000312
0.0000357
0.0000446
0.0000535
0.0000312
0.0000490
0.0000312
0.0000490
0.0000045
0.0000535
0.0000669
0.0000357
0.0000312
0.0000401
0.0000178
0.0000267
0.0000669
0.0000490
0.0000267
0.0000446
0.0000490
0.0000579
0.0000267
0.0000357
0.0000446
0.0000535
0.0000357
0.0000223
0.0000401
0.0000089
0.0000669
0.0000267
0.0000312
0.0001961
0.0000624
0.0000401
0.0000490
0.0000312
0.0000267
0.0000579
0.0000446
0.0000357
0.0000178
0.0000045
0.0000490
0.0000045
0.0000490
0.0000267
0.0000178
0.0000535
0.0000624
0.0000401
0.0000446
0.0000357
0.0000446
0.0000446
0.0000446
0.0000446
0.0000401
0.0000357
0.0000357
0.0000178
0.0000401
0.0000178
0.0000267
0.0000134
0.0001248
0.0000891
0.0000401
0.0000401
0.0000000
0.0000223
0.0000401
0.0000446
0.0000535
0.0000713
0.0000847
0.0000178
0.0000267
0.0000357
0.0000446
0.0000535
0.0000312
0.0000579
0.0000891
0.0000579
0.0000713
0.0000357
0.0000401
0.0000446
0.0000357
0.0000312
0.0000446
0.0000223
0.0000312
0.0000267
0.0000401
0.0000802
0.0000401
0.0000178
0.0000267
0.0000267
0.0000178
0.0000223
0.0000178
0.0000401
0.0000446
0.0000579
0.0000669
0.0000357
0.0001070
0.0000446
0.0000891
0.0000535
0.0000490
0.0000401
0.0000357
0.0000490
0.0000178
0.0000490
0.0000758
0.0000357
0.0000312
0.0000446
0.0000357
0.0000802
0.0000401
0.0000624
0.0000267
0.0000312
0.0000802
0.0000401
0.0000045
0.0000312
0.0000178
0.0000981
0.0000178
0.0000401
0.0000223
0.0000312
0.0000401
0.0000624
0.0000312
0.0000178
0.0000357
0.0000401
0.0000312
0.0000357
0.0000669
0.0000312
0.0000312
0.0000490
0.0000401
0.0000312
0.0000446
0.0000401
0.0000357
0.0000535
0.0000312
0.0000669
0.0000490
0.0000267
0.0000535
0.0000223
0.0000446
0.0000669
0.0000579
0.0000669
0.0000401
0.0000535
0.0000490
0.0000357
0.0000223
0.0000178
0.0000490
0.0000669
0.0000178
0.0000624
0.0000178
0.0000357
0.0000312
0.0000223
0.0000223
0.0000357
0.0000223
0.0000267
0.0000490
0.0000446
0.0000312
0.0000535
0.0000401
0.0000312
0.0000089
0.0000223
0.0000312
0.0000535
0.0000178
0.0000669
0.0000401
0.0000178
0.0000223
0.0000446
0.0000357
0.0000357
0.0000357
0.0000357
0.0000490
0.0000535
0.0000312
0.0000357
0.0000267
0.0000624
0.0000490
0.0000267
0.0000312
0.0000490
0.0000669
0.0000223
0.0000490
0.0000178
0.0000312
0.0000490
0.0000535
0.0000267
0.0000401
0.0000446
0.0000579
0.0000357
0.0000490
0.0000579
0.0000713
0.0000178
0.0000446
0.0000357
0.0000357
0.0000401
0.0000267
0.0000357
0.0000401
0.0000178
0.0000579
0.0000490
0.0000624
0.0000223
0.0000357
0.0000357
0.0000357
0.0000357
0.0000357
0.0000490
0.0000535
0.0000357
0.0000178
0.0000357
0.0000401
0.0000490
0.0000312
0.0000357
0.0000223
0.0000178
0.0000446
0.0000178
0.0000357
0.0000178
0.0000357
0.0000669
0.0000357
0.0000624
0.0000446
0.0000178
0.0000669
0.0000357
0.0000535
0.0000669
0.0000446
0.0000357
0.0000535
0.0000357
0.0000357
0.0000223
0.0000223
0.0000446
0.0000357
0.0000223
0.0000357
0.0000401
0.0000401
0.0000490
0.0000178
0.0000089
0.0000178
0.0000178
0.0000045
0.0000446
0.0000401
0.0000223
0.0000446
0.0000490
0.0000178
0.0000357
0.0000223
0.0000357
0.0000401
0.0000178
0.0000401
0.0000669
0.0000357
0.0000401
0.0000267
0.0000312
0.0000535
0.0000847
0.0000446
0.0000401
0.0000446
0.0000134
0.0000223
0.0000490
0.0000446
0.0000490
0.0000624
0.0000490
0.0000490
0.0000267
0.0000178
0.0000134
0.0000357
0.0000357
0.0000312
0.0000089
0.0000312
0.0000223
0.0000178
0.0000267
0.0000312
0.0000446
0.0000267
0.0000223
0.0000446
0.0000089
0.0000178
0.0000802
0.0000178
0.0000401
0.0000446
0.0000446
0.0000045
0.0000446
0.0000535
0.0000357
0.0000357
0.0000312
0.0000535
0.0000446
0.0000267
0.0000446
0.0000045
0.0000312
0.0000446
0.0000401
0.0000401
0.0000312
0.0000401
0.0000134
0.0000312
0.0000178
0.0000178
0.0000624
0.0000223
0.0000579
0.0000579
0.0000223
0.0000089
0.0000357
0.0000312
0.0000446
0.0000089
0.0000446
0.0000490
0.0000178
0.0000178
0.0000357
0.0000624
0.0000267
0.0000312
0.0000045
0.0000223
0.0000535
0.0000446
0.0000223
0.0000446
0.0000134
0.0000134
0.0000045
0.0000089
0.0000579
0.0000223
0.0000267
0.0000134
0.0000357
0.0000357
0.0000267
0.0000535
0.0000178
0.0000446
0.0000223
0.0000713
0.0000223
0.0000223
0.0000357
0.0000000
0.0000267
0.0000535
0.0000223
0.0000446
0.0000089
0.0000178
0.0000223
0.0000312
0.0000089
0.0000357
0.0000134
0.0000045
0.0000490
0.0000535
0.0000401
0.0000490
0.0000223
0.0000223
0.0000357
0.0000267
0.0000267
0.0000401
0.0000357
0.0000134
0.0000357
0.0000045
0.0000223
0.0000401
0.0000401
0.0000357
0.0000178
0.0000401
0.0000312
0.0000223
0.0000490
0.0000312
0.0000045
0.0000357
0.0000223
0.0000535
0.0000045
0.0000223
0.0000312
0.0000446
0.0000357
0.0000357
0.0000401
0.0000178
0.0000223
0.0000089
0.0000178
0.0000267
0.0000089
0.0000134
0.0000178
0.0000178
0.0000089
0.0000624
0.0000401
0.0000178
0.0000178
0.0000446
0.0000713
0.0000267
0.0000178
0.0000134
0.0000312
0.0000357
0.0000446
0.0000490
0.0000490
0.0000178
0.0000178
0.0000357
0.0000178
0.0000178
0.0000134
0.0000223
0.0000312
0.0000223
0.0000045
0.0000535
0.0000446
0.0000357
0.0000312
0.0000446
0.0000223
0.0000134
0.0000535
0.0000357
0.0000178
0.0000312
0.0000178
0.0000267
0.0000446
0.0000267
0.0000312
0.0000223
0.0000267
0.0000089
0.0000223
0.0000000
0.0000312
0.0000401
0.0000178
0.0000089
0.0000178
0.0000401
0.0000045
0.0000223
0.0000178
0.0000312
0.0000490
0.0000535
0.0000223
0.0000267
0.0000045
0.0000535
0.0000223
0.0000178
0.0000312
0.0000446
0.0000267
0.0000312
0.0000267
0.0000401
0.0000267
0.0000267
0.0000312
0.0000178
0.0000312
0.0000089
0.0000178
0.0000267
0.0000357
0.0000267
0.0000490
0.0000267
0.0000535
0.0000267
0.0000357
0.0000267
0.0000223
0.0000178
0.0000178
0.0000045
0.0000446
0.0000178
0.0000178
0.0000178
0.0000357
0.0000178
0.0000223
0.0000178
0.0000357
0.0000312
0.0000223
0.0000178
0.0000178
0.0000223
0.0000490
0.0000267
0.0000045
0.0000223
0.0000267
0.0000401
0.0000267
0.0000490
0.0000267
0.0000312
0.0000357
0.0000223
0.0000178
0.0000045
0.0000089
0.0000490
0.0000089
0.0000267
0.0000089
0.0000178
0.0000178
0.0000446
0.0000847
0.0000223
0.0000267
0.0000178
0.0000936
0.0000847
0.0000045
0.0000178
0.0000401
0.0000223
0.0000357
0.0000446
0.0000267
0.0000357
0.0000312
0.0000000
0.0000178
0.0000178
0.0000535
0.0000223
0.0000134
0.0000357
0.0000178
0.0000089
0.0000178
0.0000134
0.0000579
0.0000624
0.0000312
0.0000178
0.0000357
0.0000401
0.0000223
0.0000223
0.0000223
0.0000357
0.0000045
0.0000312
0.0000134
0.0000312
0.0000401
0.0000357
0.0000267
0.0000178
0.0000490
0.0000401
0.0000178
0.0000669
0.0000178
0.0000357
0.0000446
0.0000178
0.0000357
0.0000089
0.0000312
0.0000312
0.0000357
0.0000535
0.0000134
0.0000178
0.0000223
0.0000490
0.0000357
0.0000223
0.0000357
0.0000535
0.0000045
0.0000312
0.0000579
0.0000401
0.0000624
0.0000312
0.0000178
0.0000223
0.0000446
0.0000178
0.0000089
0.0000446
0.0000134
0.0000178
0.0000357
0.0000446
0.0000178
0.0000178
0.0000045
0.0000178
0.0000446
0.0000579
0.0000267
0.0000312
0.0000446
0.0000045
0.0000089
0.0000312
0.0000178
0.0000535
0.0000579
0.0000357
0.0000357
0.0000223
0.0000089
0.0000401
0.0000045
0.0000178
0.0000401
0.0000312
0.0000535
0.0000357
0.0000089
0.0000357
0.0000267
0.0000267
0.0000267
0.0000267
0.0000936
0.0000357
0.0000223
0.0000134
0.0000223
0.0000312
0.0000223
0.0000178
0.0000446
0.0000223
0.0000401
0.0000178
0.0000223
0.0000178
0.0000045
0.0000178
0.0000357
0.0000223
0.0000267
0.0000223
0.0000535
0.0000535
0.0000089
0.0000490
0.0000713
0.0000357
0.0000178
0.0000178
0.0000312
0.0000357
0.0000490
0.0000089
0.0000089
0.0000223
0.0000045
0.0000178
0.0000178
0.0000178
0.0000223
0.0000535
0.0000312
0.0000089
0.0000178
0.0000535
0.0000312
0.0000312
0.0000624
0.0000134
0.0000312
0.0000446
0.0000178
0.0000357
0.0000267
0.0000178
0.0000045
0.0000223
0.0000178
0.0000223
0.0000178
0.0000223
0.0000357
0.0000669
0.0000267
0.0000490
0.0000089
0.0000134
0.0000178
0.0000178
0.0000357
0.0000312
0.0000178
0.0000267
0.0000490
0.0000267
0.0000535
0.0000312
0.0000401
0.0000446
0.0000089
0.0000535
0.0000000
0.0000312
0.0000357
0.0000223
0.0000357
0.0000267
0.0000178
0.0000178
0.0000134
0.0000267
0.0000535
0.0000357
0.0000267
0.0000401
0.0000446
0.0000045
0.0000000
0.0000045
0.0000223
0.0000357
0.0000490
0.0000357
0.0000178
0.0000178
0.0000223
0.0000223
0.0000178
0.0000267
0.0000401
0.0000535
0.0000000
0.0000000
0.0000490
0.0000223
0.0000624
0.0000223
0.0000446
0.0000045
0.0000312
0.0000357
0.0000267
0.0000401
0.0000535
0.0000223
0.0000045
0.0000624
0.0000045
0.0000357
0.0000267
0.0000535
0.0000535
0.0000178
0.0000267
0.0000267
0.0000178
0.0000446
0.0000357
0.0000178
0.0000490
0.0000045
0.0000223
0.0000089
0.0000134
0.0000178
0.0000000
0.0000535
0.0000178
0.0000267
0.0000089
0.0000134
0.0000357
0.0000223
0.0000178
0.0000178
0.0000178
0.0000000
0.0000267
0.0000579
0.0000357
0.0000401
0.0000401
0.0000357
0.0000178
0.0000535
0.0000357
0.0000446
0.0000134
0.0000490
0.0000045
0.0000089
0.0000134
0.0000312
0.0000178
0.0000312
0.0000401
0.0000178
0.0000535
0.0000267
0.0000401
0.0000223
0.0000178
0.0000223
0.0000357
0.0000267
0.0000178
0.0000178
0.0000178
0.0000579
0.0000178
0.0000490
0.0000178
0.0000357
0.0000446
0.0000312
0.0000401
0.0000178
0.0000312
0.0000312
0.0000312
0.0000223
0.0000446
0.0000267
0.0000134
0.0000223
0.0000045
0.0000045
0.0000357
0.0000401
0.0000089
0.0000312
0.0000312
0.0000357
0.0000178
0.0000223
0.0000624
0.0000178
0.0000000
0.0000178
0.0000624
0.0000357
0.0000223
0.0000535
0.0000312
0.0000312
0.0000535
0.0000089
0.0000802
0.0000223
0.0000401
0.0000223
0.0000223
0.0000178
0.0000267
0.0000223
0.0000089
0.0000045
0.0000134
0.0000267
0.0000223
0.0000223
0.0000178
0.0000357
0.0000178
0.0000357
0.0000089
0.0000357
0.0000178
0.0000089
0.0000357
0.0000357
0.0000089
0.0000312
0.0000446
0.0000178
0.0000178
0.0000223
0.0000312
0.0000535
0.0000312
0.0000357
0.0000357
0.0000223
0.0000401
0.0000089
0.0000178
0.0000490
0.0000178
0.0000490
0.0000267
0.0000535
0.0000178
0.0000178
0.0000312
0.0000357
0.0000401
0.0000357
0.0000223
0.0000357
0.0000490
0.0000357
0.0000312
0.0000357
0.0000178
0.0000312
0.0000446
0.0000223
0.0000045
0.0000178
0.0000178
0.0000045
0.0000045
0.0000223
0.0000045
0.0000713
0.0000758
0.0000000
0.0000312
0.0000134
0.0000223
0.0000312
0.0000178
0.0000178
0.0000178
0.0000312
0.0000178
0.0000446
0.0000312
0.0000357
0.0000446
0.0000357
0.0000401
0.0000000
0.0000134
0.0000312
0.0000223
0.0000134
0.0000446
0.0000267
0.0000223
0.0000178
0.0000357
0.0000267
0.0000490
0.0000223
0.0000223
0.0000223
0.0000178
0.0000178
0.0000134
0.0000669
0.0000579
0.0000045
0.0000223
0.0000178
0.0000357
0.0000446
0.0000000
0.0000000
0.0000357
0.0000490
0.0000223
0.0000357
0.0000223
0.0000446
0.0000401
0.0000267
0.0000045
0.0000178
0.0000223
0.0000267
0.0000267
0.0000134
0.0000045
0.0000000
0.0000490
0.0000357
0.0000535
0.0000312
0.0000357
0.0000357
0.0000089
0.0000178
0.0000089
0.0000535
0.0000312
0.0000223
0.0000178
0.0000134
0.0000357
0.0000267
0.0000312
0.0000357
0.0000312
0.0000223
0.0000624
0.0000401
0.0000089
0.0000223
0.0000267
0.0000178
0.0000357
0.0000357
0.0000178
0.0000089
0.0000535
0.0000357
0.0000045
0.0000134
0.0000178
0.0000134
0.0000535
0.0000312
0.0000401
0.0000178
0.0000312
0.0000134
0.0001025
0.0000178
0.0000357
0.0000357
0.0000312
0.0000223
0.0000223
0.0000357
0.0000357
0.0000312
0.0000401
0.0000357
0.0000357
0.0000357
0.0000178
0.0000312
0.0000267
0.0000490
0.0000223
0.0000134
0.0000357
0.0000178
0.0000089
0.0000089
0.0000535
0.0000267
0.0000535
0.0000535
0.0000267
0.0000267
0.0000267
0.0000223
0.0000089
0.0000535
0.0000312
0.0000178
0.0000089
0.0000134
0.0000357
0.0000312
0.0000089
0.0000045
0.0000312
0.0000312
0.0000669
0.0000045
0.0000089
0.0000134
0.0000178
0.0000178
0.0000847
0.0000713
0.0000178
0.0000401
0.0000089
0.0000357
0.0000401
0.0000267
0.0000089
0.0000178
0.0000178
0.0000178
0.0000178
0.0000312
0.0000713
0.0000178
0.0000357
0.0000446
0.0000134
0.0000045
0.0000178
0.0000535
0.0000045
0.0000178
0.0000312
0.0000223
0.0000490
0.0000089
0.0000624
0.0000267
0.0000134
0.0000446
0.0000357
0.0000312
0.0000535
0.0000223
0.0000357
0.0000000
0.0000045
0.0000045
0.0000178
0.0000178
0.0000267
0.0000535
0.0000357
0.0000223
0.0000624
0.0000045
0.0000134
0.0000357
0.0000089
0.0000134
0.0000312
0.0000178
0.0000312
0.0000267
0.0000312
0.0000535
0.0000223
0.0000267
0.0000223
0.0000357
0.0000579
0.0000446
0.0000535
0.0000000
0.0000223
0.0000178
0.0000357
0.0000267
0.0000446
0.0000223
0.0000802
0.0000446
0.0000134
0.0000178
0.0000223
0.0000178
0.0000446
0.0000357
0.0000178
0.0000178
0.0000267
0.0000267
0.0000535
0.0000178
0.0000178
0.0000312
0.0000134
0.0000312
0.0000223
0.0000134
0.0000267
0.0000089
0.0000357
0.0000223
0.0000045
0.0000357
0.0000401
0.0000357
0.0000045
0.0000089
0.0000312
0.0000089
0.0000178
0.0000401
0.0000223
0.0000357
0.0000178
0.0000223
0.0000089
0.0000267
0.0000178
0.0000089
0.0000312
0.0000223
0.0000045
0.0000178
0.0000223
0.0000713
0.0000178
0.0000312
0.0000223
0.0000178
0.0000178
0.0000713
0.0000000
0.0000267
0.0000178
0.0000357
0.0000535
0.0000357
0.0000134
0.0000178
0.0000178
0.0000490
0.0000357
0.0000223
0.0000535
0.0000178
0.0000267
0.0000401
0.0000490
0.0000535
0.0000045
0.0000000
0.0000178
0.0000401
0.0000446
0.0000178
0.0000178
0.0000134
0.0000446
0.0000357
0.0000713
0.0000045
0.0000357
0.0000134
0.0000357
0.0000223
0.0000490
0.0000000
0.0000045
0.0000134
0.0000089
0.0000045
0.0000134
0.0000401
0.0000312
0.0000223
0.0000312
0.0000267
0.0000267
0.0000178
0.0000357
0.0000312
0.0000045
0.0000357
0.0000223
0.0000446
0.0000624
0.0000089
0.0000178
0.0000223
0.0000312
0.0000223
0.0000178
0.0000490
0.0000312
0.0000089
0.0000178
0.0000267
0.0000401
0.0000045
0.0000490
0.0000178
0.0000490
0.0000401
0.0000446
0.0000357
0.0000089
0.0000178
0.0000401
0.0000312
0.0000089
0.0000401
0.0000223
0.0000401
0.0000178
0.0000267
0.0000223
0.0000089
0.0000089
0.0000000
0.0000045
0.0000223
0.0000178
0.0000267
0.0000267
0.0000045
0.0000000
0.0000579
0.0000312
0.0000312
0.0000357
0.0000312
0.0000312
0.0000045
0.0000134
0.0000490
0.0000267
0.0000223
0.0000535
0.0000357
0.0000401
0.0000357
0.0000535
0.0000045
0.0000579
0.0000357
0.0000178
0.0000223
0.0000134
0.0000089
0.0000312
0.0000223
0.0000089
0.0000223
0.0000357
0.0000000
0.0000045
0.0000401
0.0000178
0.0000357
0.0000401
0.0000357
0.0000312
0.0000000
0.0000312
0.0000223
0.0000223
0.0000178
0.0000000
0.0000312
0.0000178
0.0000490
0.0000223
0.0000357
0.0000178
0.0000401
0.0000178
0.0000357
0.0000089
0.0000045
0.0000045
0.0000357
0.0000223
0.0000223
0.0000490
0.0000267
0.0000178
0.0000267
0.0000267
0.0000089
0.0000089
0.0000178
0.0000267
0.0000312
0.0000000
0.0000357
0.0000446
0.0000223
0.0000401
0.0000312
0.0000223
0.0000312
0.0000223
0.0000178
0.0000357
0.0000178
0.0000357
0.0000401
0.0000223
0.0000089
0.0000401
0.0000089
0.0000223
0.0000223
0.0000357
0.0000045
0.0000223
0.0000178
0.0000178
0.0000312
0.0000089
0.0000089
0.0000223
0.0000267
0.0000223
0.0000490
0.0000535
0.0000535
0.0000312
0.0000312
0.0000401
0.0000223
0.0000045
0.0000223
0.0000178
0.0000134
0.0000089
0.0000357
0.0000089
0.0000223
0.0000134
0.0000178
0.0000223
0.0000357
0.0000089
0.0000401
0.0000045
0.0000089
0.0000089
0.0000178
0.0000446
0.0000134
0.0000223
0.0000223
0.0000312
0.0000312
0.0000045
0.0000178
0.0000579
0.0000357
0.0000178
0.0000401
0.0000446
0.0000490
0.0000223
0.0000312
0.0000267
0.0000446
0.0000624
0.0000178
0.0000134
0.0000134
0.0000178
0.0000089
0.0000223
0.0000045
0.0000223
0.0000446
0.0000357
0.0000089
0.0000178
0.0000223
0.0000089
0.0000535
0.0000357
0.0000089
0.0000357
0.0000312
0.0000089
0.0000089
0.0000000
0.0000669
0.0000178
0.0000178
0.0000223
0.0000178
0.0000045
0.0000401
0.0000223
0.0000446
0.0000089
0.0000401
0.0000089
0.0000089
0.0000713
0.0000178
0.0000223
0.0000312
0.0000223
0.0000178
0.0000178
0.0000178
0.0000267
0.0000312
0.0000178
0.0000045
0.0000357
0.0000446
0.0000267
0.0000089
0.0000312
0.0000267
0.0000535
0.0000089
0.0000178
0.0000357
0.0000223
0.0000178
0.0000178
0.0000178
0.0000178
0.0000401
0.0000223
0.0000267
0.0000089
0.0000624
0.0000312
0.0000045
0.0000357
0.0000134
0.0000045
0.0000045
0.0000178
0.0000178
0.0000178
0.0000178
0.0000178
0.0000357
0.0000178
0.0000178
0.0000223
0.0000357
0.0000490
0.0000446
0.0000267
0.0000535
0.0000401
0.0000401
0.0000223
0.0000178
0.0000312
0.0000178
0.0000178
0.0000669
0.0000267
0.0000223
0.0000401
0.0000178
0.0000178
0.0000178
0.0000490
0.0000357
0.0000401
0.0000178
0.0000178
0.0000223
0.0000178
0.0000178
0.0000223
0.0000178
0.0000178
0.0000178
0.0000178
0.0000178
0.0000178
0.0000312
0.0000446
0.0000223
0.0000490
0.0000446
0.0000267
0.0000446
0.0000134
0.0000401
0.0000178
0.0000223
0.0000401
0.0000312
0.0000178
0.0000312
0.0000045
0.0000267
0.0000267
0.0000178
0.0000223
0.0000401
0.0000178
0.0000357
0.0000535
0.0000535
0.0000312
0.0000223
0.0000178
0.0000401
0.0000178
0.0000490
0.0000535
0.0000178
0.0000178
0.0000312
0.0000223
0.0000223
0.0000178
0.0000178
0.0000357
0.0000178
0.0000223
0.0000178
0.0000178
0.0000178
0.0000178
0.0000446
0.0000178
0.0000178
0.0000223
0.0000446
0.0000357
0.0000178
0.0000267
0.0000089
0.0000357
0.0000178
0.0000223
0.0000045
0.0000178
0.0000223
0.0000178
0.0000357
0.0000178
0.0000178
0.0000178
0.0000267
0.0000357
0.0000178
0.0000178
0.0000178
0.0000713
0.0000357
0.0000134
0.0000223
0.0000267
0.0000178
0.0000178
0.0000312
0.0000312
0.0000134
0.0000045
0.0000134
0.0000357
0.0000267
0.0000223
0.0000490
0.0000223
0.0000178
0.0000357
0.0000223
0.0000267
0.0000312
0.0000223
0.0000312
0.0000178
0.0000178
0.0000579
0.0000312
0.0000267
0.0000223
0.0000223
0.0000178
0.0000178
0.0000178
0.0000178
0.0000178
0.0000178
0.0000178
0.0000178
0.0000178
0.0000357
0.0000267
0.0000134
0.0000178
0.0000178
0.0000178
0.0000267
0.0000223
0.0000357
0.0000357
0.0000178
0.0000223
0.0000267
0.0000178
0.0000223
0.0000178
0.0000223
0.0000267
0.0000045
0.0000223
0.0000357
0.0000178
0.0000178
0.0000267
0.0000223
0.0000178
0.0000178
0.0000223
0.0000178
0.0000178
0.0000178
0.0000178
0.0000178
0.0000223
0.0000178
0.0000490
0.0000178
0.0000178
0.0000178
0.0000178
0.0000178
0.0000178
0.0000267
0.0000267
0.0000357
0.0000312
0.0000267
0.0000178
0.0000223
0.0000446
0.0000312
0.0000669
0.0000045
0.0000134
0.0000312
0.0000178
0.0000178
0.0000178
0.0000490
0.0000357
0.0000357
0.0000267
0.0000178
0.0000223
0.0000178
0.0000178
0.0000223
0.0000178
0.0000579
0.0000178
0.0000267
0.0000178
0.0000535
0.0000446
0.0000178
0.0000312
0.0000178
0.0000223
0.0000178
0.0000178
0.0000178
0.0000178
0.0000758
0.0000178
0.0000223
0.0000178
0.0000357
0.0000178
0.0000178
0.0000178
0.0000089
0.0000312
0.0000490
0.0000312
0.0000178
0.0000267
0.0000535
0.0000178
0.0000357
0.0000178
0.0000178
0.0000178
0.0000178
0.0000178
0.0000178
0.0000178
0.0000357
0.0000178
0.0000178
0.0000045
0.0000178
0.0000267
0.0000178
0.0000178
0.0000178
0.0000178
0.0000223
0.0000446
0.0000178
0.0000178
0.0000223
0.0000357
0.0000758
0.0000312
0.0000178
0.0000178
0.0000178
0.0000490
0.0000446
0.0000535
0.0000223
0.0000357
0.0000223
0.0000357
0.0000267
0.0000267
0.0000267
0.0000267
0.0000267
0.0000446
0.0000312
0.0000401
0.0000446
0.0000178
0.0000178
0.0000178
0.0000312
0.0000178
0.0000178
0.0000223
0.0000579
0.0000178
0.0000267
0.0000223
0.0000178
0.0000357
0.0000178
0.0000267
0.0000178
0.0000178
0.0000045
0.0000178
0.0000178
0.0000357
0.0000223
0.0000178
0.0000223
0.0000535
0.0000178
0.0000178
0.0000178
0.0000178
0.0000178
0.0000223
0.0000267
0.0000223
0.0000267
0.0000357
0.0000357
0.0000312
0.0000267
0.0000223
0.0000223
0.0000357
0.0000178
0.0000178
0.0000357
0.0000267
0.0000223
0.0000535
0.0000490
0.0000178
0.0000624
0.0000357
0.0000357
0.0000223
0.0000312
0.0000178
0.0000223
0.0000490
0.0000178
0.0000045
0.0000624
0.0000624
0.0000490
0.0000089
0.0000357
0.0000223
0.0000178
0.0000223
0.0000178
0.0000401
0.0000089
0.0000490
0.0000490
0.0000178
0.0000312
0.0000267
0.0000178
0.0000357
0.0000357
0.0000267
0.0000045
0.0000267
0.0000178
0.0000535
0.0000357
0.0000490
0.0000312
0.0000045
0.0000357
0.0000357
0.0000178
0.0000401
0.0000178
0.0000178
0.0000267
0.0000267
0.0000178
0.0000223
0.0000178
0.0000446
0.0000223
0.0000223
0.0000178
0.0000446
0.0000178
0.0000178
0.0000178
0.0000223
0.0000490
0.0000223
0.0000178
0.0000223
0.0000223
0.0000357
0.0000312
0.0000267
0.0000223
0.0000178
0.0000223
0.0000223
0.0000178
0.0000178
0.0000758
0.0000490
0.0000178
0.0000178
0.0000178
0.0000178
0.0000178
0.0000178
0.0000178
0.0000357
0.0000267
0.0000178
0.0000223
0.0000446
0.0000312
0.0000312
0.0000178
0.0000134
0.0000178
0.0000579
0.0000357
0.0000357
0.0000223
0.0000178
0.0000535
0.0000089
0.0000178
0.0000223
0.0000178
0.0000446
0.0000178
0.0000312
0.0000223
0.0000490
0.0000178
0.0000178
0.0000178
0.0000401
0.0000178
0.0000401
0.0000178
0.0000178
0.0000178
0.0000490
0.0000446
0.0000312
0.0000446
0.0000223
0.0000223
0.0000535
0.0000178
0.0000178
0.0000178
0.0000446
0.0000357
0.0000490
0.0000178
0.0000178
0.0000446
0.0000267
0.0000357
0.0000089
0.0000267
0.0000223
0.0000312
0.0000178
0.0000178
0.0000178
0.0000178
0.0000401
0.0000267
0.0000401
0.0000713
0.0000357
0.0000223
0.0000312
0.0000045
0.0000223
0.0000134
0.0000223
0.0000312
0.0000178
0.0000178
0.0000267
0.0000490
0.0000178
0.0000089
0.0000178
0.0000535
0.0000178
0.0000178
0.0000178
0.0000178
0.0000178
0.0000178
0.0000223
0.0000357
0.0000357
0.0000401
0.0000178
0.0000178
0.0000045
0.0000401
0.0000178
0.0000178
0.0000178
0.0000178
0.0000178
0.0000000
0.0000178
0.0000178
0.0000045
0.0000089
0.0000178
0.0000223
0.0000267
0.0000223
0.0000178
0.0000223
0.0000401
0.0000312
0.0000223
0.0000267
0.0000223
0.0000178
0.0000357
0.0000490
0.0000223
0.0000178
0.0000178
0.0000223
0.0000223
0.0000045
0.0000178
0.0000357
0.0000178
0.0000045
0.0000178
0.0000178
0.0000178
0.0000178
0.0000089
0.0000312
0.0000357
0.0000223
0.0000178
0.0000178
0.0000178
0.0000178
0.0000178
0.0000178
0.0000178
0.0000267
0.0000357
0.0000178
0.0000178
0.0000223
0.0000178
0.0000178
0.0000357
0.0000178
0.0000178
0.0000178
0.0000134
0.0000178
0.0000178
0.0000178
0.0000178
0.0000178
0.0000178
0.0000223
0.0000223
0.0000312
0.0000312
0.0000178
0.0000178
0.0000267
0.0000357
0.0000223
0.0000267
0.0000535
0.0000357
0.0000446
0.0000089
0.0000446
0.0000178
0.0000267
0.0000178
0.0000579
0.0000312
0.0000312
0.0000178
0.0000267
0.0000178
0.0000267
0.0000178
0.0000045
0.0000357
0.0000089
0.0000178
0.0000178
0.0000357
0.0000134
0.0000267
0.0000134
0.0000134
0.0000178
0.0000178
0.0000446
0.0000446
0.0000267
0.0000446
0.0000178
0.0000312
0.0000312
0.0000312
0.0000357
0.0000357
0.0000089
0.0000178
0.0000312
0.0000267
0.0000312
0.0000401
0.0000223
0.0000178
0.0000178
0.0000178
0.0000178
0.0000178
0.0000178
0.0000401
0.0000223
0.0000357
0.0000178
0.0000178
0.0000178
0.0000223
0.0000312
0.0000357
0.0000446
0.0000223
0.0000178
0.0000446
0.0000535
