0.1916761
0.0341306
0.0171697
0.0086053
0.0085236
0.0097218
0.0070077
0.0051014
0.0085372
0.0067898
0.0083103
0.0084056
0.0055735
0.0053511
0.0084101
0.0042436
0.0044933
0.0047066
0.0037398
0.0039940
0.0053601
0.0025189
0.0040167
0.0015522
0.0023283
0.0063133
0.0035356
0.0042073
0.0033087
0.0042845
0.0008941
0.0011165
0.0014297
0.0007398
0.0039622
0.0021422
0.0023692
0.0012027
0.0013707
0.0032134
0.0028548
0.0021377
0.0016611
0.0008442
0.0036899
0.0016748
0.0080334
0.0047020
0.0046657
0.0010802
0.0030273
0.0029138
0.0007216
0.0014206
0.0007806
0.0063360
0.0008533
0.0012481
0.0031861
0.0015613
0.0031589
0.0012300
0.0006717
0.0021014
0.0012754
0.0009849
0.0006173
0.0016339
0.0026052
0.0018654
0.0025780
0.0021786
0.0012391
0.0008260
0.0009213
0.0007716
0.0009440
0.0022376
0.0025280
0.0011301
0.0021241
0.0016657
0.0026370
0.0021559
0.0002814
0.0005855
0.0025916
0.0010575
0.0028866
0.0002632
0.0015250
0.0010575
0.0016248
0.0002179
0.0023147
0.0019335
0.0005991
0.0026188
0.0004176
0.0019380
0.0008170
0.0014070
0.0019017
0.0007171
0.0005583
0.0008941
0.0004539
0.0002315
0.0010030
0.0011210
0.0004584
0.0003041
0.0009168
0.0012981
0.0017156
0.0014433
0.0004266
0.0012345
0.0007080
0.0012981
0.0006808
0.0027096
0.0005628
0.0007534
0.0009940
0.0010484
0.0003767
0.0007806
0.0016385
0.0007988
0.0004085
0.0010257
0.0002224
0.0010984
0.0013117
0.0005946
0.0012027
0.0022330
0.0002088
0.0003086
0.0002315
0.0004675
0.0009713
0.0016385
0.0025734
0.0001362
0.0001362
0.0009531
0.0001997
0.0004176
0.0004811
0.0004176
0.0008941
0.0013571
0.0007171
0.0004402
0.0002405
0.0011664
0.0009803
0.0016339
0.0004039
0.0007580
0.0013117
0.0000772
0.0003449
0.0002542
0.0004902
0.0005809
0.0004720
0.0010620
0.0002859
0.0009713
0.0005083
0.0008260
0.0013026
0.0004766
0.0002587
0.0010938
0.0009531
0.0007080
0.0002042
0.0005310
0.0002088
0.0007988
0.0009894
0.0007625
0.0002179
0.0010893
0.0008487
0.0016158
0.0013616
0.0018518
0.0008260
0.0002769
0.0004902
0.0003086
0.0005129
0.0003722
0.0006082
0.0003177
0.0003222
0.0002405
0.0005356
0.0006581
0.0004947
0.0002042
0.0013480
0.0001770
0.0006036
0.0001452
0.0002360
0.0005809
0.0012981
0.0008533
0.0013253
0.0007580
0.0003858
0.0012527
0.0005492
0.0006717
0.0008306
0.0003858
0.0005492
0.0000953
0.0001271
0.0006626
0.0002950
0.0003495
0.0002678
0.0001997
0.0002905
0.0004039
0.0009758
0.0005537
0.0000091
0.0007580
0.0008850
0.0004493
0.0003449
0.0005900
0.0004357
0.0001770
0.0001135
0.0006581
0.0004947
0.0008850
0.0005673
0.0006173
0.0008442
0.0005537
0.0007035
0.0001815
0.0002315
0.0001634
0.0001815
0.0006944
0.0004902
0.0001498
0.0000817
0.0006536
0.0007534
0.0003132
0.0003222
0.0005809
0.0003222
0.0008760
0.0003041
0.0003676
0.0015431
0.0005537
0.0002179
0.0001543
0.0005356
0.0001906
0.0002405
0.0003903
0.0007171
0.0003041
0.0001997
0.0005219
0.0003631
0.0002678
0.0005356
0.0003041
0.0001135
0.0004584
0.0003586
0.0002451
0.0006990
0.0002179
0.0009622
0.0003268
0.0003586
0.0003268
0.0008306
0.0004675
0.0002315
0.0005174
0.0002723
0.0001634
0.0005809
0.0004176
0.0002632
0.0001498
0.0002859
0.0000726
0.0003858
0.0000953
0.0001770
0.0003994
0.0001679
0.0004811
0.0001180
0.0004675
0.0002179
0.0017338
0.0003449
0.0003041
0.0001589
0.0000726
0.0003676
0.0004085
0.0001135
0.0004629
0.0000545
0.0004312
0.0005038
0.0000681
0.0001044
0.0001589
0.0001861
0.0003132
0.0001498
0.0014342
0.0004266
0.0004493
0.0000862
0.0002587
0.0001815
0.0007716
0.0003086
0.0002587
0.0003359
0.0003994
0.0002405
0.0003313
0.0000590
0.0001770
0.0005764
0.0000953
0.0001452
0.0003949
0.0002587
0.0001180
0.0000817
0.0003767
0.0003313
0.0001952
0.0002905
0.0003449
0.0000499
0.0005628
0.0003949
0.0003313
0.0003767
0.0002042
0.0002224
0.0003949
0.0001316
0.0005038
0.0000772
0.0001498
0.0000772
0.0001634
0.0004130
0.0004266
0.0004448
0.0003994
0.0005991
0.0006490
0.0001997
0.0001770
0.0004402
0.0001498
0.0001906
0.0004448
0.0002224
0.0003676
0.0001180
0.0004993
0.0001044
0.0001452
0.0002405
0.0001634
0.0001316
0.0000862
0.0002632
0.0003086
0.0004947
0.0004266
0.0001316
0.0002678
0.0006445
0.0006263
0.0002905
0.0001089
0.0003086
0.0002224
0.0001089
0.0002678
0.0003949
0.0000681
0.0003994
0.0001725
0.0007716
0.0006218
0.0002678
0.0001271
0.0000862
0.0002587
0.0002451
0.0001906
0.0001362
0.0003041
0.0001906
0.0001407
0.0002769
0.0002224
0.0005129
0.0002542
0.0003586
0.0000726
0.0002950
0.0000635
0.0001452
0.0002315
0.0005174
0.0003722
0.0002451
0.0004402
0.0006990
0.0000726
0.0000182
0.0000635
0.0001225
0.0000862
0.0002723
0.0003313
0.0005129
0.0000953
0.0003676
0.0001452
0.0002405
0.0002678
0.0001316
0.0000635
0.0002133
0.0002405
0.0001362
0.0002587
0.0001589
0.0000772
0.0001997
0.0001316
0.0003268
0.0001543
0.0002315
0.0001861
0.0000182
0.0002042
0.0002042
0.0001634
0.0000953
0.0003041
0.0001861
0.0002723
0.0006581
0.0000272
0.0000545
0.0002678
0.0002859
0.0001180
0.0001679
0.0001362
0.0001543
0.0000817
0.0002542
0.0000363
0.0001407
0.0001634
0.0006263
0.0002179
0.0001452
0.0007171
0.0001407
0.0001725
0.0003041
0.0000772
0.0000726
0.0001089
0.0001407
0.0002269
0.0003222
0.0001225
0.0002859
0.0002269
0.0002587
0.0002360
0.0001180
0.0001815
0.0007761
0.0001861
0.0001271
0.0001770
0.0000908
0.0004176
0.0000545
0.0002723
0.0002859
0.0000999
0.0001407
0.0004176
0.0001906
0.0000817
0.0000908
0.0002814
0.0001316
0.0003177
0.0003359
0.0004448
0.0001725
0.0001770
0.0002179
0.0001498
0.0004402
0.0002905
0.0005492
0.0000590
0.0005265
0.0003586
0.0001271
0.0001362
0.0001498
0.0002224
0.0002405
0.0002133
0.0001089
0.0000726
0.0003449
0.0001498
0.0002269
0.0003994
0.0001271
0.0003994
0.0001906
0.0000545
0.0001679
0.0001952
0.0001225
0.0001180
0.0001725
0.0002088
0.0001815
0.0002769
0.0000272
0.0002678
0.0000999
0.0001225
0.0002042
0.0000953
0.0001135
0.0000545
0.0001770
0.0002859
0.0001089
0.0001634
0.0001952
0.0001815
0.0003404
0.0000772
0.0000908
0.0000499
0.0001271
0.0001089
0.0001362
0.0000363
0.0000726
0.0001906
0.0001770
0.0000590
0.0004811
0.0000272
0.0001225
0.0002179
0.0001498
0.0001815
0.0002088
0.0002405
0.0000635
0.0000999
0.0002542
0.0000999
0.0001316
0.0001997
0.0000545
0.0002496
0.0003313
0.0001815
0.0000726
0.0002133
0.0000545
0.0001679
0.0003359
0.0000862
0.0003132
0.0001997
0.0002224
0.0004221
0.0000499
0.0001589
0.0003177
0.0000862
0.0000999
0.0001180
0.0000999
0.0000817
0.0002315
0.0001725
0.0002496
0.0001044
0.0000726
0.0002269
0.0001679
0.0001498
0.0000499
0.0000908
0.0001952
0.0001135
0.0000635
0.0001452
0.0000499
0.0001089
0.0000681
0.0003268
0.0001452
0.0001589
0.0001498
0.0000454
0.0000681
0.0000681
0.0001498
0.0001135
0.0001316
0.0002179
0.0001089
0.0001861
0.0000908
0.0000499
0.0002451
0.0001271
0.0002814
0.0001634
0.0000545
0.0003495
0.0001271
0.0000953
0.0001679
0.0000590
0.0000953
0.0001135
0.0001679
0.0001362
0.0002315
0.0002179
0.0000227
0.0002269
0.0002723
0.0003404
0.0001498
0.0001180
0.0001725
0.0002542
0.0002496
0.0001180
0.0001271
0.0002542
0.0001407
0.0001271
0.0001725
0.0002496
0.0000590
0.0000953
0.0003586
0.0001271
0.0001543
0.0002723
0.0002678
0.0001861
0.0003313
0.0001452
0.0001906
0.0001543
0.0001634
0.0001135
0.0001498
0.0000363
0.0000363
0.0002405
0.0001135
0.0001044
0.0001316
0.0002133
0.0000272
0.0000999
0.0001634
0.0000908
0.0003540
0.0005174
0.0003268
0.0001135
0.0001634
0.0001498
0.0001180
0.0002133
0.0002224
0.0000862
0.0000590
0.0001634
0.0000726
0.0001089
0.0002133
0.0002315
0.0000545
0.0000772
0.0001135
0.0000408
0.0002542
0.0001271
0.0001089
0.0000817
0.0001634
0.0002088
0.0001089
0.0001180
0.0000590
0.0000454
0.0001498
0.0003177
0.0000545
0.0001225
0.0001815
0.0001225
0.0001135
0.0001452
0.0001044
0.0000454
0.0002315
0.0001589
0.0000772
0.0001498
0.0003404
0.0000726
0.0001906
0.0001225
0.0000908
0.0000363
0.0002496
0.0001543
0.0000681
0.0000681
0.0000499
0.0000499
0.0000545
0.0002769
0.0000862
0.0000635
0.0000726
0.0001725
0.0001089
0.0001271
0.0002405
0.0000953
0.0000635
0.0001044
0.0000862
0.0002950
0.0001271
0.0001225
0.0000635
0.0001815
0.0002179
0.0001044
0.0002315
0.0001362
0.0001679
0.0001044
0.0000091
0.0000272
0.0001589
0.0001498
0.0000953
0.0000817
0.0000953
0.0001225
0.0000091
0.0000681
0.0000726
0.0000681
0.0002859
0.0000182
0.0002451
0.0001089
0.0000862
0.0001362
0.0000999
0.0000182
0.0001952
0.0002179
0.0001362
0.0002315
0.0001452
0.0000454
0.0001770
0.0001089
0.0003359
0.0001452
0.0001634
0.0000817
0.0001180
0.0001861
0.0000408
0.0001044
0.0001225
0.0002496
0.0001952
0.0000635
0.0001543
0.0002496
0.0002542
0.0002496
0.0001452
0.0001180
0.0001089
0.0003132
0.0001089
0.0000862
0.0001089
0.0001589
0.0000590
0.0000681
0.0000545
0.0001135
0.0000817
0.0000817
0.0000182
0.0001271
0.0000272
0.0001952
0.0001089
0.0000454
0.0000635
0.0001407
0.0000908
0.0001180
0.0002405
0.0001225
0.0001089
0.0000908
0.0000363
0.0000590
0.0001135
0.0000953
0.0001543
0.0002814
0.0000499
0.0002632
0.0001180
0.0001589
0.0002179
0.0000635
0.0000363
0.0000772
0.0000817
0.0000318
0.0000182
0.0000908
0.0001589
0.0002133
0.0000363
0.0000499
0.0001407
0.0000953
0.0000091
0.0002269
0.0001089
0.0001498
0.0000953
0.0000590
0.0002315
0.0001452
0.0000590
0.0000318
0.0002224
0.0000999
0.0002315
0.0000908
0.0001997
0.0001180
0.0002269
0.0001498
0.0001498
0.0001089
0.0000272
0.0001180
0.0001044
0.0001407
0.0000363
0.0000136
0.0000227
0.0001634
0.0000635
0.0001362
0.0001498
0.0000182
0.0000862
0.0001498
0.0001316
0.0002042
0.0000726
0.0001271
0.0000817
0.0000908
0.0001225
0.0001589
0.0001997
0.0000182
0.0001180
0.0001135
0.0000499
0.0001180
0.0001362
0.0000862
0.0001679
0.0002678
0.0000908
0.0000908
0.0001089
0.0000499
0.0002451
0.0002769
0.0002814
0.0000817
0.0000499
0.0000545
0.0001725
0.0000862
0.0001180
0.0000318
0.0000635
0.0000545
0.0000499
0.0000454
0.0000635
0.0000408
0.0000681
0.0000908
0.0000499
0.0000590
0.0001543
0.0001180
0.0000772
0.0001316
0.0000091
0.0001589
0.0001316
0.0000272
0.0002133
0.0000862
0.0000999
0.0000363
0.0000408
0.0001316
0.0001316
0.0000182
0.0000772
0.0001135
0.0000408
0.0001180
0.0002133
0.0002133
0.0001135
0.0000635
0.0001089
0.0001634
0.0000363
0.0000817
0.0000000
0.0002905
0.0001725
0.0000635
0.0000545
0.0000817
0.0001407
0.0001225
0.0001225
0.0000726
0.0000772
0.0001407
0.0000227
0.0000182
0.0000363
0.0001316
0.0000363
0.0001044
0.0001407
0.0002814
0.0002269
0.0001225
0.0001089
0.0000545
0.0000182
0.0000817
0.0000182
0.0001952
0.0000862
0.0000545
0.0001225
0.0001225
0.0000363
0.0001180
0.0000999
0.0002315
0.0000545
0.0001589
0.0001861
0.0001225
0.0000772
0.0002542
0.0001362
0.0002224
0.0000545
0.0001271
0.0001044
0.0001135
0.0000635
0.0000862
0.0000908
0.0000862
0.0000908
0.0000227
0.0001089
0.0000272
0.0000862
0.0000908
0.0001815
0.0000817
0.0000590
0.0001452
0.0001679
0.0000726
0.0000908
0.0000590
0.0000817
0.0001452
0.0000545
0.0001044
0.0000363
0.0000635
0.0001180
0.0001135
0.0000408
0.0001407
0.0000499
0.0000499
0.0000545
0.0001089
0.0000908
0.0001044
0.0000726
0.0002179
0.0001815
0.0002269
0.0002542
0.0000545
0.0002088
0.0003268
0.0000635
0.0001180
0.0001316
0.0000499
0.0001271
0.0000272
0.0000772
0.0001089
0.0002088
0.0000545
0.0000953
0.0000635
0.0001679
0.0000726
0.0000136
0.0000545
0.0000136
0.0000681
0.0000908
0.0000363
0.0000454
0.0000363
0.0000499
0.0001815
0.0001815
0.0000363
0.0001498
0.0000772
0.0002542
0.0001271
0.0000862
0.0001135
0.0002179
0.0001044
0.0000318
0.0000635
0.0000499
0.0001180
0.0001634
0.0001225
0.0000499
0.0001952
0.0000363
0.0001044
0.0000590
0.0001815
0.0000590
0.0000726
0.0001089
0.0000862
0.0003404
0.0001362
0.0001089
0.0001180
0.0000953
0.0002269
0.0001498
0.0001225
0.0001815
0.0000227
0.0000499
0.0000545
0.0000590
0.0000499
0.0000363
0.0001271
0.0000772
0.0000454
0.0000045
0.0000999
0.0000545
0.0000726
0.0001271
0.0001135
0.0001543
0.0000363
0.0000545
0.0001952
0.0000908
0.0000545
0.0000772
0.0000681
0.0001044
0.0000726
0.0000363
0.0002224
0.0001906
0.0001180
0.0000862
0.0000590
0.0001679
0.0001089
0.0001498
0.0002042
0.0000817
0.0002042
0.0001044
0.0001407
0.0000590
0.0000590
0.0000363
0.0002042
0.0001725
0.0000318
0.0001089
0.0000045
0.0001271
0.0000726
0.0001135
0.0000318
0.0000817
0.0000227
0.0000136
0.0000908
0.0001135
0.0001044
0.0000862
0.0001180
0.0002405
0.0000590
0.0001997
0.0000590
0.0001952
0.0000681
0.0000590
0.0000908
0.0002179
0.0002360
0.0001362
0.0001089
0.0000862
0.0000182
0.0001271
0.0001089
0.0000726
0.0001543
0.0001225
0.0001225
0.0000318
0.0000635
0.0000999
0.0001135
0.0000772
0.0000999
0.0000499
0.0000681
0.0000182
0.0000499
0.0000182
0.0000908
0.0000408
0.0000862
0.0000772
0.0000908
0.0000590
0.0000999
0.0000454
0.0001180
0.0001589
0.0000681
0.0000681
0.0000363
0.0000182
0.0000363
0.0000862
0.0000045
0.0000953
0.0001089
0.0000726
0.0000545
0.0000817
0.0000590
0.0001679
0.0000953
0.0000726
0.0000908
0.0001044
0.0001589
0.0001452
0.0000999
0.0000590
0.0000545
0.0000726
0.0000726
0.0000817
0.0000772
0.0000182
0.0000545
0.0001089
0.0000454
0.0000408
0.0001997
0.0000408
0.0000908
0.0001135
0.0001589
0.0001135
0.0000862
0.0000681
0.0000681
0.0000862
0.0000681
0.0001225
0.0000999
0.0001452
0.0000545
0.0000454
0.0000681
0.0000363
0.0002496
0.0000726
0.0001271
0.0002678
0.0002088
0.0001770
0.0001180
0.0001225
0.0000635
0.0000590
0.0000545
0.0001271
0.0001589
0.0000817
0.0001589
0.0000182
0.0000499
0.0002451
0.0000817
0.0000091
0.0000545
0.0001180
0.0000862
0.0000726
0.0000182
0.0001135
0.0000545
0.0001180
0.0000363
0.0000772
0.0000953
0.0001543
0.0001089
0.0000726
0.0000136
0.0000363
0.0000635
0.0000272
0.0001089
0.0001180
0.0000545
0.0000953
0.0001634
0.0000590
0.0000545
0.0000635
0.0001089
0.0001180
0.0000999
0.0002088
0.0000726
0.0000862
0.0000545
0.0000545
0.0001044
0.0001225
0.0000182
0.0000772
0.0000681
0.0000681
0.0000862
0.0001089
0.0000545
0.0000182
0.0000363
0.0000454
0.0000318
0.0001089
0.0000908
0.0000318
0.0000681
0.0000318
0.0000908
0.0000454
0.0000408
0.0001089
0.0000772
0.0000182
0.0000862
0.0001543
0.0000953
0.0000862
0.0001225
0.0000454
0.0001180
0.0001225
0.0002133
0.0001634
0.0000726
0.0001225
0.0001089
0.0001498
0.0000953
0.0001589
0.0002451
0.0001362
0.0001952
0.0000681
0.0000590
0.0001180
0.0001044
0.0000182
0.0000499
0.0000545
0.0001271
0.0000635
0.0000363
0.0000908
0.0001135
0.0000590
0.0000817
0.0000408
0.0000999
0.0000408
0.0000182
0.0000363
0.0001271
0.0000635
0.0000908
0.0000408
0.0000726
0.0001044
0.0000545
0.0000908
0.0001225
0.0000408
0.0000681
0.0001589
0.0000454
0.0000182
0.0001089
0.0000908
0.0000726
0.0000953
0.0001089
0.0001180
0.0000772
0.0000726
0.0000272
0.0000499
0.0000726
0.0000091
0.0001089
0.0000454
0.0000499
0.0001407
0.0000227
0.0000363
0.0000045
0.0000953
0.0000817
0.0000545
0.0001362
0.0000454
0.0001180
0.0000817
0.0000681
0.0000953
0.0001906
0.0000545
0.0000635
0.0001316
0.0000454
0.0000726
0.0000681
0.0000363
0.0000953
0.0000590
0.0000545
0.0000499
0.0000091
0.0000182
0.0000590
0.0002042
0.0000817
0.0001679
0.0001271
0.0000681
0.0001316
0.0001044
0.0001135
0.0000635
0.0001362
0.0001407
0.0000635
0.0000227
0.0000363
0.0001180
0.0001135
0.0001180
0.0000454
0.0000545
0.0000908
0.0000726
0.0000363
0.0001362
0.0000499
0.0000499
0.0000772
0.0001180
0.0001225
0.0000363
0.0000318
0.0001135
0.0000363
0.0000182
0.0000499
0.0000182
0.0000590
0.0000182
0.0000045
0.0000545
0.0000862
0.0000908
0.0000545
0.0000862
0.0001044
0.0000408
0.0000136
0.0000454
0.0000499
0.0000318
0.0000454
0.0000862
0.0000999
0.0000227
0.0000908
0.0001135
0.0001089
0.0000545
0.0000136
0.0000499
0.0001543
0.0000908
0.0000318
0.0000545
0.0000499
0.0000908
0.0000635
0.0000681
0.0000182
0.0000454
0.0000318
0.0000454
0.0000726
0.0000862
0.0000363
0.0000408
0.0001407
0.0000726
0.0000999
0.0000862
0.0000182
0.0000499
0.0000499
0.0001089
0.0000817
0.0001271
0.0001407
0.0000681
0.0001225
0.0001180
0.0000545
0.0001225
0.0001225
0.0000908
0.0000817
0.0001316
0.0001815
0.0000726
0.0001498
0.0001135
0.0000182
0.0000499
0.0001815
0.0000726
0.0001407
0.0001498
0.0000817
0.0000908
0.0000726
0.0000363
0.0001634
0.0001135
0.0001089
0.0000862
0.0000772
0.0000545
0.0000182
0.0000499
0.0000182
0.0000862
0.0001135
0.0000408
0.0000227
0.0000953
0.0001906
0.0000363
0.0000726
0.0000681
0.0001316
0.0000091
0.0000272
0.0000182
0.0000545
0.0000363
0.0000091
0.0000318
0.0000862
0.0000635
0.0000182
0.0000182
0.0000545
0.0001180
0.0000182
0.0000817
0.0000681
0.0000545
0.0000182
0.0000272
0.0000408
0.0000182
0.0000272
0.0000454
0.0000590
0.0000227
0.0000590
0.0001225
0.0000318
0.0000681
0.0000999
0.0000363
0.0001089
0.0001271
0.0000681
0.0000545
0.0000136
0.0001316
0.0000862
0.0000681
0.0000635
0.0000862
0.0000590
0.0000182
0.0000908
0.0000726
0.0001044
0.0000908
0.0000545
0.0000227
0.0000908
0.0001225
0.0000726
0.0000545
0.0000590
0.0001135
0.0000272
0.0000908
0.0000363
0.0000726
0.0000635
0.0000182
0.0000091
0.0000363
0.0000363
0.0000499
0.0000817
0.0001180
0.0000999
0.0001089
0.0001362
0.0000908
0.0000227
0.0001770
0.0000772
0.0001316
0.0001498
0.0000772
0.0000227
0.0000817
0.0000408
0.0001543
0.0000363
0.0000999
0.0000408
0.0000182
0.0000772
0.0000817
0.0000136
0.0000454
0.0001634
0.0001135
0.0000454
0.0000363
0.0000681
0.0000817
0.0000681
0.0000499
0.0000545
0.0000772
0.0000272
0.0001135
0.0000363
0.0000862
0.0000182
0.0000499
0.0000363
0.0001044
0.0000772
0.0000454
0.0001362
0.0000545
0.0000999
0.0000408
0.0001135
0.0000953
0.0000635
0.0001452
0.0000590
0.0000681
0.0000182
0.0000182
0.0001815
0.0000182
0.0000182
0.0000363
0.0000091
0.0001498
0.0001089
0.0000590
0.0000318
0.0001044
0.0000136
0.0000182
0.0000590
0.0000272
0.0000499
0.0000862
0.0000318
0.0000363
0.0000590
0.0000272
0.0000681
0.0000908
0.0001089
0.0000499
0.0000545
0.0000862
0.0000817
0.0000454
0.0000091
0.0000545
0.0000999
0.0000045
0.0000772
0.0000681
0.0000590
0.0000590
0.0000635
0.0000318
0.0000681
0.0001180
0.0000318
0.0000363
0.0000635
0.0000545
0.0000182
0.0000182
0.0000091
0.0000182
0.0000363
0.0000545
0.0000772
0.0000182
0.0000999
0.0000318
0.0000635
0.0001452
0.0001815
0.0000363
0.0001543
0.0000318
0.0001089
0.0000318
0.0001135
0.0001180
0.0000318
0.0000862
0.0000318
0.0000590
0.0000408
0.0001589
0.0000545
0.0001089
0.0000182
0.0000272
0.0000545
0.0001271
0.0000908
0.0000726
0.0000408
0.0000681
0.0000545
0.0000908
0.0000817
0.0000091
0.0000272
0.0000363
0.0000545
0.0001180
0.0000590
0.0000363
0.0001316
0.0000726
0.0000363
0.0000862
0.0001044
0.0001044
0.0000590
0.0000499
0.0000953
0.0000272
0.0000363
0.0000908
0.0000726
0.0000499
0.0000817
0.0000227
0.0000454
0.0000454
0.0001044
0.0000772
0.0000363
0.0000681
0.0000999
0.0000454
0.0000318
0.0000681
0.0000726
0.0001180
0.0000726
0.0000817
0.0000862
0.0000272
0.0001135
0.0000862
0.0000862
0.0001180
0.0000635
0.0000635
0.0000045
0.0000363
0.0001044
0.0000408
0.0000318
0.0000136
0.0000817
0.0000182
0.0000681
0.0000000
0.0000318
0.0000772
0.0000681
0.0000590
0.0000862
0.0000908
0.0000862
0.0001906
0.0001135
0.0000635
0.0001044
0.0000772
0.0000590
0.0000862
0.0000590
0.0000590
0.0000726
0.0000272
0.0000726
0.0001498
0.0000454
0.0000635
0.0000817
0.0000908
0.0001044
0.0000908
0.0000635
0.0001452
0.0000726
0.0000953
0.0000908
0.0001180
0.0001089
0.0000545
0.0000363
0.0001225
0.0000182
0.0000363
0.0000318
0.0000953
0.0000681
0.0000635
0.0000726
0.0000182
0.0000545
0.0000363
0.0000045
0.0000182
0.0000590
0.0000590
0.0000363
0.0000999
0.0000681
0.0000454
0.0000454
0.0000272
0.0000363
0.0000862
0.0000182
0.0000726
0.0001271
0.0001316
0.0000681
0.0000635
0.0000363
0.0000363
0.0000045
0.0000182
0.0000272
0.0000182
0.0000091
0.0000363
0.0000499
0.0000318
0.0000726
0.0000953
0.0000182
0.0000817
0.0000545
0.0000635
0.0000045
0.0000363
0.0000272
0.0000545
0.0000499
0.0000182
0.0000318
0.0000817
0.0000499
0.0000817
0.0000499
0.0000908
0.0000363
0.0000454
0.0000772
0.0000182
0.0000454
0.0000408
0.0000726
0.0000091
0.0000363
0.0000272
0.0000318
0.0000908
0.0000499
0.0000590
0.0000363
0.0000408
0.0000635
0.0000908
0.0000136
0.0000363
0.0000318
0.0000545
0.0000000
0.0000953
0.0000635
0.0000182
0.0000590
0.0000681
0.0001089
0.0000817
0.0000182
0.0000817
0.0000408
0.0000953
0.0000545
0.0000817
0.0000499
0.0000999
0.0000272
0.0000454
0.0000726
0.0000499
0.0001044
0.0000454
0.0000635
0.0000545
0.0000635
0.0000545
0.0000953
0.0000454
0.0000227
0.0000908
0.0000817
0.0000590
0.0000681
0.0001089
0.0000499
0.0000136
0.0000590
0.0000363
0.0000182
0.0001089
0.0000318
0.0000363
0.0000590
0.0000363
0.0000408
0.0000999
0.0000136
0.0000590
0.0000136
0.0000091
0.0000363
0.0000272
0.0000908
0.0000590
0.0000272
0.0000545
0.0000227
0.0000545
0.0000726
0.0000953
0.0001044
0.0000726
0.0001271
0.0000499
0.0000817
0.0000454
0.0000363
0.0000681
0.0000408
0.0000227
0.0001271
0.0000318
0.0000454
0.0000454
0.0000499
0.0000817
0.0000136
0.0000590
0.0001135
0.0000590
0.0000408
0.0001225
0.0000499
0.0001225
0.0000454
0.0000635
0.0000136
0.0000635
0.0000000
0.0000545
0.0000862
0.0000681
0.0000545
0.0000182
0.0000772
0.0000091
0.0001180
0.0000772
0.0001997
0.0000182
0.0001135
0.0000182
0.0000908
0.0000182
0.0000999
0.0000681
0.0001089
0.0001180
0.0000408
0.0000227
0.0000953
0.0001225
0.0000726
0.0000499
0.0000363
0.0000726
0.0000681
0.0000454
0.0000227
0.0000908
0.0000681
0.0000726
0.0000999
0.0000681
0.0000272
0.0000862
0.0000726
0.0000681
0.0000999
0.0000999
0.0000681
0.0001362
0.0000545
0.0000272
0.0000999
0.0000908
0.0000272
0.0000772
0.0000408
0.0000908
0.0000227
0.0000499
0.0000772
0.0000318
0.0001180
0.0000499
0.0000363
0.0000681
0.0000590
0.0000363
0.0000454
0.0000499
0.0000499
0.0000681
0.0000862
0.0000545
0.0000182
0.0001089
0.0000635
0.0000182
0.0000499
0.0000408
0.0000318
0.0000953
0.0000045
0.0000363
0.0000726
0.0000408
0.0000635
0.0000590
0.0000862
0.0000318
0.0000363
0.0000408
0.0000227
0.0001044
0.0001225
0.0000408
0.0000817
0.0000545
0.0000499
0.0000363
0.0001044
0.0000862
0.0000545
0.0000635
0.0000318
0.0000499
0.0000499
0.0001271
0.0000363
0.0000454
0.0000227
0.0000182
0.0000182
0.0000182
0.0000091
0.0000182
0.0000862
0.0000499
0.0000772
0.0000045
0.0000590
0.0000499
0.0001271
0.0000182
0.0000272
0.0000545
0.0000182
0.0000772
0.0000545
0.0000635
0.0000999
0.0000862
0.0000454
0.0000726
0.0000318
0.0000635
0.0000817
0.0000499
0.0000363
0.0000182
0.0000272
0.0000953
0.0000545
0.0000227
0.0000545
0.0000590
0.0000318
0.0000136
0.0000363
0.0000635
0.0000545
0.0000862
0.0000182
0.0000545
0.0000363
0.0000681
0.0000182
0.0000862
0.0000681
0.0000681
0.0000363
0.0000363
0.0000681
0.0000862
0.0000000
0.0000726
0.0000545
0.0001135
0.0000681
0.0000681
0.0000182
0.0000318
0.0000862
0.0000454
0.0000545
0.0000635
0.0000681
0.0000136
0.0000272
0.0000408
0.0000363
0.0000635
0.0000045
0.0000499
0.0000182
0.0000681
0.0000681
0.0000454
0.0000408
0.0000363
0.0000590
0.0000590
0.0000545
0.0000908
0.0000908
0.0001089
0.0000862
0.0000091
0.0000454
0.0000545
0.0000091
0.0000227
0.0000726
0.0000182
0.0000590
0.0000045
0.0000136
0.0000545
0.0000136
0.0000635
0.0000681
0.0000363
0.0000908
0.0000590
0.0000545
0.0000545
0.0000545
0.0000499
0.0000272
0.0000408
0.0000363
0.0000272
0.0000182
0.0000726
0.0000817
0.0000499
0.0000408
0.0000454
0.0000681
0.0000590
0.0000318
0.0000772
0.0000182
0.0000635
0.0000635
0.0000136
0.0000227
0.0000953
0.0000545
0.0000772
0.0000499
0.0000681
0.0000862
0.0000182
0.0000635
0.0000318
0.0000182
0.0000681
0.0000182
0.0000772
0.0000726
0.0000590
0.0000590
0.0000726
0.0000182
0.0000363
0.0000908
0.0000545
0.0000499
0.0000272
0.0000454
0.0000999
0.0000454
0.0000772
0.0000045
0.0001316
0.0000182
0.0000499
0.0000136
0.0000681
0.0000817
0.0000590
0.0000590
0.0000318
0.0000272
0.0000545
0.0000862
0.0000182
0.0001316
0.0000363
0.0000726
0.0000545
0.0000908
0.0000635
0.0001135
0.0000363
0.0000408
0.0000318
0.0000091
0.0000908
0.0000499
0.0000499
0.0000590
0.0000363
0.0000318
0.0001135
0.0000953
0.0000545
0.0000363
0.0000681
0.0000635
0.0000318
0.0001225
0.0000953
0.0000817
0.0000545
0.0000590
0.0000227
0.0000817
0.0000908
0.0000635
0.0000272
0.0000726
0.0001135
0.0000454
0.0001044
0.0000499
0.0000182
0.0001316
0.0000318
0.0000545
0.0001089
0.0000817
0.0000408
0.0000499
0.0000999
0.0000681
0.0000635
0.0000545
0.0000499
0.0000136
0.0000499
0.0000454
0.0000499
0.0000454
0.0001135
0.0000318
0.0000363
0.0000772
0.0000318
0.0000363
0.0000182
0.0000590
0.0000726
0.0000635
0.0000408
0.0000545
0.0000363
0.0000772
0.0000545
0.0000681
0.0000817
0.0000817
0.0000635
0.0000999
0.0000545
0.0000272
0.0000363
0.0000408
0.0000272
0.0000908
0.0000363
0.0000590
0.0000635
0.0000454
0.0000408
0.0000681
0.0000590
0.0000499
0.0000182
0.0000318
0.0000408
0.0000590
0.0000681
0.0000363
0.0000408
0.0000182
0.0000726
0.0000635
0.0000363
0.0000091
0.0000590
0.0000363
0.0000227
0.0000408
0.0000408
0.0000454
0.0000182
0.0000227
0.0000408
0.0000817
0.0000363
0.0000136
0.0000408
0.0000363
0.0000136
0.0000091
0.0000499
0.0000908
0.0000545
0.0000499
0.0000772
0.0000726
0.0000227
0.0000817
0.0000182
0.0000635
0.0000499
0.0000499
0.0000045
0.0000182
0.0000091
0.0000182
0.0000363
0.0000182
0.0000363
0.0000136
0.0000227
0.0000136
0.0000408
0.0000045
0.0000681
0.0000726
0.0000318
0.0000454
0.0000726
0.0000408
0.0000091
0.0000182
0.0000363
0.0000363
0.0000227
0.0000590
0.0000272
0.0000499
0.0001044
0.0000272
0.0000318
0.0000590
0.0000227
0.0000227
0.0000182
0.0000408
0.0000726
0.0000590
0.0000545
0.0000363
0.0000272
0.0000318
0.0000318
0.0000363
0.0000227
0.0000545
0.0000499
0.0000363
0.0000318
0.0000726
0.0000635
0.0000726
0.0000136
0.0000318
0.0000136
0.0000227
0.0000136
0.0000091
0.0000499
0.0000862
0.0000590
0.0000726
0.0000408
0.0000454
0.0000454
0.0000182
0.0000182
0.0000499
0.0000590
0.0000272
0.0000817
0.0000182
0.0000182
0.0000182
0.0000182
0.0000454
0.0000363
0.0001180
0.0000545
0.0000227
0.0000318
0.0000953
0.0000408
0.0000408
0.0000363
0.0000726
0.0000726
0.0000681
0.0000182
0.0000272
0.0000182
0.0000499
0.0000499
0.0000726
0.0000272
0.0000590
0.0000318
0.0000590
0.0000681
0.0000862
0.0001089
0.0000408
0.0000590
0.0000363
0.0000363
0.0000681
0.0000454
0.0000363
0.0000999
0.0000953
0.0000499
0.0001044
0.0000045
0.0000136
0.0000499
0.0000363
0.0000408
0.0000499
0.0000953
0.0000227
0.0001589
0.0000635
0.0000045
0.0000363
0.0000408
0.0000454
0.0000499
0.0000408
0.0000590
0.0000318
0.0000908
0.0000590
0.0000182
0.0000363
0.0000272
0.0000454
0.0000635
0.0000318
0.0000908
0.0000363
0.0000363
0.0000045
0.0000681
0.0000635
0.0000953
0.0000272
0.0000454
0.0000408
0.0000318
0.0000408
0.0000363
0.0000182
0.0000635
0.0000454
0.0000681
0.0000318
0.0000499
0.0000091
0.0000227
0.0000408
0.0000363
0.0000545
0.0000454
0.0000182
0.0000363
0.0000545
0.0000408
0.0000590
0.0000454
0.0000363
0.0000363
0.0000272
0.0000227
0.0000363
0.0000681
0.0000408
0.0000772
0.0000545
0.0000726
0.0000953
0.0000182
0.0000681
0.0000545
0.0000726
0.0000182
0.0000590
0.0000545
0.0000182
0.0000318
0.0000635
0.0000408
0.0000545
0.0000182
0.0000363
0.0000499
0.0000182
0.0000635
0.0000363
0.0000272
0.0000363
0.0000000
0.0000227
0.0000363
0.0000635
0.0001135
0.0000454
0.0000182
0.0000182
0.0000045
0.0000454
0.0000227
0.0000590
0.0000590
0.0000953
0.0000454
0.0000681
0.0000000
0.0000862
0.0000363
0.0000635
0.0000182
0.0000227
0.0000454
0.0000408
0.0000635
0.0000182
0.0000182
0.0000999
0.0000545
0.0000862
0.0000227
0.0000408
0.0000545
0.0000272
0.0000545
0.0000499
0.0000545
0.0001089
0.0000408
0.0000227
0.0000272
0.0000681
0.0000681
0.0000272
0.0000272
0.0000408
0.0000227
0.0000999
0.0000363
0.0000545
0.0000545
0.0001089
0.0000408
0.0000182
0.0000182
0.0000499
0.0000318
0.0000408
0.0000182
0.0000227
0.0000545
0.0000408
0.0000590
0.0000908
0.0000499
0.0000182
0.0000726
0.0000363
0.0000363
0.0000590
0.0000363
0.0000272
0.0000590
0.0000227
0.0000772
0.0000091
0.0000590
0.0000545
0.0000182
0.0000408
0.0000454
0.0000454
0.0000363
0.0000454
0.0000408
0.0000499
0.0000726
0.0000454
0.0000363
0.0000499
0.0000681
0.0000408
0.0000318
0.0000681
0.0000363
0.0000499
0.0000590
0.0000045
0.0000499
0.0000635
0.0000318
0.0000635
0.0000545
0.0000454
0.0000499
0.0000227
0.0000953
0.0000363
0.0000136
0.0000545
0.0000182
0.0000726
0.0000454
0.0000408
0.0000363
0.0000681
0.0000318
0.0000363
0.0000862
0.0000227
0.0000318
0.0000862
0.0000227
0.0000363
0.0000454
0.0000363
0.0000182
0.0000681
0.0000908
0.0000363
0.0000227
0.0000182
0.0000454
0.0000545
0.0000953
0.0000499
0.0000182
0.0000227
0.0000408
0.0000499
0.0000227
0.0000136
0.0000363
0.0000136
0.0000635
0.0000227
0.0000408
0.0000590
0.0000454
0.0000545
0.0000318
0.0000363
0.0000182
0.0001180
0.0000454
0.0000726
0.0000454
0.0000635
0.0000318
0.0000227
0.0000862
0.0000363
0.0000499
0.0000908
0.0000590
0.0000227
0.0000363
0.0000363
0.0000499
0.0000545
0.0000499
0.0000318
0.0000726
0.0000545
0.0000545
0.0000953
0.0000363
0.0000545
0.0000681
0.0000182
0.0000499
0.0000454
0.0000408
0.0000363
0.0000499
0.0000454
0.0000182
0.0000408
0.0000363
0.0000363
0.0000635
0.0000635
0.0000772
0.0000908
0.0000272
0.0000681
0.0000363
0.0000545
0.0000545
0.0000408
0.0000635
0.0000545
0.0000726
0.0000545
0.0000272
0.0000363
0.0000726
0.0000408
0.0000408
0.0000635
0.0000635
0.0000499
0.0000590
0.0000545
0.0000363
0.0000817
0.0000182
0.0000635
0.0000545
0.0000908
0.0000590
0.0000227
0.0000363
0.0000499
0.0000862
0.0000545
0.0000363
0.0000499
0.0000590
0.0000182
0.0000454
0.0000545
0.0000635
0.0000272
0.0000227
0.0000726
0.0000726
0.0000408
0.0000363
0.0000408
0.0000545
0.0000272
0.0000499
0.0000454
0.0000363
0.0000454
0.0000862
0.0000635
0.0000545
0.0000545
0.0001225
0.0000363
0.0000454
0.0000545
0.0000182
0.0000318
0.0000681
0.0000363
0.0000772
0.0000545
0.0000772
0.0000590
0.0000363
0.0000454
0.0000363
0.0000363
0.0000772
0.0000363
0.0000318
0.0000545
0.0000545
0.0000272
0.0000681
0.0000772
0.0000318
0.0000499
0.0000318
0.0000408
0.0000817
0.0000635
0.0000545
0.0000635
0.0000182
0.0000182
0.0000590
0.0000318
0.0000272
0.0000227
0.0000681
0.0000772
0.0000408
0.0000272
0.0000908
0.0000590
0.0000817
0.0000363
0.0000862
0.0000227
0.0000408
0.0000318
0.0000635
0.0000136
0.0000408
0.0000772
0.0000136
0.0000318
0.0000363
0.0000318
0.0000408
0.0000272
0.0000363
0.0000363
0.0000363
0.0000681
0.0000318
0.0000227
0.0000091
0.0000408
0.0000227
0.0000363
0.0000363
0.0000091
0.0000545
0.0000045
0.0000499
0.0000499
0.0000454
0.0000681
0.0000272
0.0000182
0.0000182
0.0000454
0.0000363
0.0000182
0.0000227
0.0001225
0.0000272
0.0000454
0.0000454
0.0000499
0.0000182
0.0000363
0.0000499
0.0000408
0.0000590
0.0000545
0.0000363
0.0000318
0.0000272
0.0000726
0.0000272
0.0000499
0.0000318
0.0000318
0.0000182
0.0000182
0.0000091
0.0000272
0.0000408
0.0000227
0.0000499
0.0000227
0.0000227
0.0000363
0.0000499
0.0000227
0.0000363
0.0000363
0.0000318
0.0000272
0.0000182
0.0000227
0.0000182
0.0000182
0.0000227
0.0000499
0.0000363
0.0000726
0.0000136
0.0000182
0.0000182
0.0000408
0.0000136
0.0000318
0.0000136
0.0000454
0.0000499
0.0000545
0.0000318
0.0000182
0.0000590
0.0000726
0.0000318
0.0000499
0.0000318
0.0000318
0.0000091
0.0000182
0.0000182
0.0000091
0.0000227
0.0000454
0.0000363
0.0000499
0.0000499
0.0000318
0.0000408
0.0000227
0.0000408
0.0000499
0.0000182
0.0000182
0.0000408
0.0000454
0.0000499
0.0000363
0.0000590
0.0000726
0.0000499
0.0000454
0.0000182
0.0000545
0.0000182
0.0000182
0.0000227
0.0000182
0.0000545
0.0000272
0.0000182
0.0000635
0.0000182
0.0000272
0.0000318
0.0000272
0.0000545
0.0000227
0.0000862
0.0000272
0.0000499
0.0000454
0.0000499
0.0000454
0.0000454
0.0000454
0.0000182
0.0000227
0.0000454
0.0000635
0.0000318
0.0000182
0.0000545
0.0000318
0.0000182
0.0000363
0.0000182
0.0000182
0.0000545
0.0000545
0.0000363
0.0000272
0.0000953
0.0000590
0.0000545
0.0000408
0.0000408
0.0000363
0.0000272
0.0000817
0.0000454
0.0000318
0.0000726
0.0000272
0.0000454
0.0000545
0.0000499
0.0000136
0.0000318
0.0000227
0.0000000
0.0000000
0.0000363
0.0000363
0.0000363
0.0000318
0.0000182
0.0000454
0.0000182
0.0000045
0.0000136
0.0000045
0.0000318
0.0000363
0.0000499
0.0000408
0.0000000
0.0000454
0.0000182
0.0000590
0.0000545
0.0000091
0.0000182
0.0000227
0.0000318
0.0000363
0.0000363
0.0000590
0.0000136
0.0000272
0.0000363
0.0000499
0.0000272
0.0000726
0.0000363
0.0000545
0.0000363
0.0000545
0.0000272
0.0000590
0.0000408
0.0000408
0.0000363
0.0000408
0.0000227
0.0000590
0.0000272
0.0000182
0.0000272
0.0000545
0.0000182
0.0000182
0.0000227
0.0000363
0.0000136
0.0000227
0.0000363
0.0000182
0.0000545
0.0000590
0.0000363
0.0000182
0.0000091
0.0000454
0.0000545
0.0000408
0.0000227
0.0000227
0.0000590
0.0000182
0.0000182
0.0000726
0.0000091
0.0000182
0.0000227
0.0000408
0.0000681
0.0000318
0.0000454
0.0000408
0.0000499
0.0000318
0.0000681
0.0000408
0.0000318
0.0000363
0.0000499
0.0000862
0.0000363
0.0000045
0.0000454
0.0000363
0.0000363
0.0000363
0.0000318
0.0000272
0.0000045
0.0000272
0.0000590
0.0000363
0.0000318
0.0000908
0.0000182
0.0000272
0.0000227
0.0000590
0.0000182
0.0000272
0.0000272
0.0000182
0.0000182
0.0000363
0.0000545
0.0000227
0.0000091
0.0000408
0.0000454
0.0000227
0.0000227
0.0000045
0.0000227
0.0000363
0.0000408
0.0000272
0.0000772
0.0000635
0.0000363
0.0000227
0.0000272
0.0000545
0.0000817
0.0000182
0.0000772
0.0000772
0.0000635
0.0000318
0.0000363
0.0000363
0.0000227
0.0000182
0.0000182
0.0000635
0.0000681
0.0000091
0.0000363
0.0000363
0.0000590
0.0000318
0.0000545
0.0000136
0.0000499
0.0000545
0.0000091
0.0000227
0.0000363
0.0000545
0.0000363
0.0000726
0.0000499
0.0000182
0.0000227
0.0000363
0.0000318
0.0000182
0.0000227
0.0000408
0.0000272
0.0000363
0.0000272
0.0000545
0.0000363
0.0000182
0.0000227
0.0000182
0.0000272
0.0000499
0.0000182
0.0000681
0.0000272
0.0000318
0.0000363
0.0000272
0.0000499
0.0000499
0.0000045
0.0000499
0.0000136
0.0000227
0.0000182
0.0000545
0.0000408
0.0000091
0.0000363
0.0000635
0.0000136
0.0000182
0.0000363
0.0000726
0.0000454
0.0000408
0.0000772
0.0000681
0.0000590
0.0000182
0.0000182
0.0000272
0.0000318
0.0000363
0.0000726
0.0000091
0.0000227
0.0000545
0.0000454
0.0000318
0.0000545
0.0000454
0.0000499
0.0000272
0.0000408
0.0000681
0.0000182
0.0000272
0.0000318
0.0000545
0.0000091
0.0000182
0.0000545
0.0000318
0.0000182
0.0000454
0.0000545
0.0000272
0.0000635
0.0000363
0.0000272
0.0000318
0.0000318
0.0000182
0.0000772
0.0000363
0.0000772
0.0000635
0.0000545
0.0000545
0.0000545
0.0000635
0.0000817
0.0000408
0.0000726
0.0000408
0.0000182
0.0000045
0.0000227
0.0000635
0.0000227
0.0000499
0.0000408
0.0000499
0.0000408
0.0000408
0.0000136
0.0000590
0.0000681
0.0000454
0.0000499
0.0000318
0.0000363
0.0000272
0.0000363
0.0000635
0.0000363
0.0000408
0.0000545
0.0000454
0.0000545
0.0000499
0.0000182
0.0000499
0.0000318
0.0000000
0.0000272
0.0000272
0.0000454
0.0000545
0.0000318
0.0000227
0.0000545
0.0000045
0.0000363
0.0000590
0.0000091
0.0000272
0.0000272
0.0000363
0.0000772
0.0000681
0.0000227
0.0000227
0.0000454
0.0000000
0.0000363
0.0000363
0.0000363
0.0000590
0.0000091
0.0000363
0.0000545
0.0000136
0.0000545
0.0000318
0.0000454
0.0000635
0.0000091
0.0000363
0.0000726
0.0000545
0.0000363
0.0000182
0.0000408
0.0000454
0.0000363
0.0000182
0.0000408
0.0000318
0.0000227
0.0000726
0.0000182
0.0000590
0.0000408
0.0000590
0.0000318
0.0000408
0.0000454
0.0000227
0.0000272
0.0000772
0.0000318
0.0000182
0.0000227
0.0000408
0.0000590
0.0000272
0.0000318
0.0000182
0.0000772
0.0000408
0.0000454
0.0000272
0.0000318
0.0000772
0.0000272
0.0000182
0.0000182
0.0000272
0.0000999
0.0000590
0.0000635
0.0000545
0.0000272
0.0000363
0.0000454
0.0000227
0.0000000
0.0000590
0.0000363
0.0000272
0.0000045
0.0000408
0.0000499
0.0000862
0.0000499
0.0000726
0.0000272
0.0000318
0.0000091
0.0000817
0.0000272
0.0000545
0.0000182
0.0000272
0.0000091
0.0000227
0.0000363
0.0000726
0.0000182
0.0000545
0.0000227
0.0000272
0.0000182
0.0000408
0.0000408
0.0000499
0.0000408
0.0000635
0.0000136
0.0000182
0.0000272
0.0000318
0.0000590
0.0000091
0.0000681
0.0000635
0.0000272
0.0000227
0.0000454
0.0000772
0.0000227
0.0000136
0.0000454
0.0000091
0.0000182
0.0000499
0.0000363
0.0000227
0.0000227
0.0000454
0.0000045
0.0000272
0.0000091
0.0000182
0.0000318
0.0000408
0.0000227
0.0000182
0.0000272
0.0000726
0.0000318
0.0000499
0.0000318
0.0000545
0.0000182
0.0000318
0.0000318
0.0000499
0.0000182
0.0000408
0.0000182
0.0000227
0.0000227
0.0000454
0.0000318
0.0000499
0.0000182
0.0000091
0.0000454
0.0001044
0.0000272
0.0000363
0.0000499
0.0000545
0.0000182
0.0000363
0.0000726
0.0000408
0.0000862
0.0000499
0.0000545
0.0000408
0.0000363
0.0000227
0.0000408
0.0000227
0.0000182
0.0000091
0.0000635
0.0000363
0.0000272
0.0000363
0.0000318
0.0000726
0.0000681
0.0000363
0.0000363
0.0000408
0.0000545
0.0000227
0.0000363
0.0000454
0.0000318
0.0000182
0.0000590
0.0000318
0.0000454
0.0000363
0.0000182
0.0000272
0.0000408
0.0000590
0.0000454
0.0000318
0.0000091
0.0000227
0.0000545
0.0000454
0.0000454
0.0000318
0.0000454
0.0000545
0.0000272
0.0000545
0.0000182
0.0000408
0.0000272
0.0000454
0.0000227
0.0000182
0.0000272
0.0000272
0.0000318
0.0000408
0.0000363
0.0000408
0.0000363
0.0000363
0.0000318
0.0000227
0.0000454
0.0000545
0.0000408
0.0000953
0.0000227
0.0000408
0.0000408
0.0000772
0.0000363
0.0000272
0.0000272
0.0000227
0.0000635
0.0000499
0.0000318
0.0000499
0.0000272
0.0000545
0.0000545
0.0000272
0.0000182
0.0000318
0.0000091
0.0000499
0.0000227
0.0000182
0.0000227
0.0000227
0.0000499
0.0000454
0.0000272
0.0000045
0.0000545
0.0000454
0.0000499
0.0000635
0.0000227
0.0000363
0.0000182
0.0000227
0.0000318
0.0000363
0.0000454
0.0000408
0.0000363
0.0000272
0.0000499
0.0000499
0.0000182
0.0000182
0.0000182
0.0000363
0.0000272
0.0000318
0.0000499
0.0000499
0.0000363
0.0000272
0.0000635
0.0000726
0.0000227
0.0000318
0.0000182
0.0000318
0.0000408
0.0000182
0.0000545
0.0000227
0.0000227
0.0000182
0.0000227
0.0000318
0.0000363
0.0000454
0.0000318
0.0000545
0.0000227
0.0000091
0.0000363
0.0000136
0.0000272
0.0000363
0.0000272
0.0000454
0.0000363
0.0000363
0.0000182
0.0000499
0.0000454
0.0000499
0.0000182
0.0000227
0.0000363
0.0000136
0.0000272
0.0000408
0.0000408
0.0000182
0.0000635
0.0000182
0.0000363
0.0000318
0.0000408
0.0000408
0.0000136
0.0000227
0.0000590
0.0000182
0.0000545
0.0000272
0.0000499
0.0000182
0.0000363
0.0000454
0.0000545
0.0000590
0.0000499
0.0000454
0.0000182
0.0000182
0.0000454
0.0000499
0.0000545
0.0000499
0.0000318
0.0000363
0.0000272
0.0000499
0.0000499
0.0000272
0.0000408
0.0000363
0.0000408
0.0000182
0.0000182
0.0000726
0.0000499
0.0000272
0.0000318
0.0000227
0.0000318
0.0000363
0.0000318
0.0000499
0.0000545
0.0000635
0.0000363
0.0000272
0.0000408
0.0000091
0.0000272
0.0000182
0.0000182
0.0000182
0.0000182
0.0000726
0.0000272
0.0000272
0.0000272
0.0000499
0.0000227
0.0000454
0.0000499
0.0000454
0.0000182
0.0000363
0.0000227
0.0000363
0.0000363
0.0000272
0.0000272
0.0000454
0.0000635
0.0000363
0.0000182
0.0000817
0.0000681
0.0000182
0.0000227
0.0000363
0.0000091
0.0000953
0.0000136
0.0000545
0.0000363
0.0000363
0.0000136
0.0000454
0.0000363
0.0000499
0.0000454
0.0000454
0.0000182
0.0000227
0.0000272
0.0000363
0.0000363
0.0000182
0.0000182
0.0000408
0.0000318
0.0000545
0.0000681
0.0000318
0.0000408
0.0000272
0.0000363
0.0000136
0.0000272
0.0000545
0.0000182
0.0000726
0.0000272
0.0000182
0.0000363
0.0000545
0.0000363
0.0000499
0.0000182
0.0000499
0.0000363
0.0000318
0.0000272
0.0000182
0.0000635
0.0000499
0.0000545
0.0000363
0.0000272
0.0000408
0.0000182
0.0000227
0.0000182
0.0000136
0.0000227
0.0000681
0.0000363
0.0000091
0.0000545
0.0000318
0.0000408
0.0000182
0.0000363
0.0000272
0.0000363
0.0000681
0.0000227
0.0000182
0.0000363
0.0000000
0.0000318
0.0000182
0.0000227
0.0000045
0.0000182
0.0000363
0.0000045
0.0000091
0.0000227
0.0000363
0.0000182
0.0000363
0.0000499
0.0000182
0.0000272
0.0000227
0.0000182
0.0000318
0.0000318
0.0000363
0.0000408
0.0000408
0.0000363
0.0000227
0.0000182
0.0000318
0.0000136
0.0000318
0.0000045
0.0000318
0.0000363
0.0000363
0.0000182
0.0000545
0.0000227
0.0000499
0.0000318
0.0000182
0.0000318
0.0000363
0.0000499
0.0000182
0.0000227
0.0000091
0.0000272
0.0000182
0.0000318
0.0000272
0.0000272
0.0000182
0.0000272
0.0000318
0.0000318
0.0000545
0.0000182
0.0000045
0.0000318
0.0000182
0.0000182
0.0000227
0.0000182
0.0000182
0.0000091
0.0000272
0.0000408
0.0000635
0.0000136
0.0000136
0.0000590
0.0000182
0.0000363
0.0000091
0.0000045
0.0000045
0.0000363
0.0000045
0.0000545
0.0000454
0.0000454
0.0000454
0.0000182
0.0000227
0.0000091
0.0000272
0.0000408
0.0000363
0.0000363
0.0000363
0.0000318
0.0000136
0.0000318
0.0000499
0.0000136
0.0000272
0.0000272
0.0000681
0.0000182
0.0000454
0.0000363
0.0000363
0.0000182
0.0000091
0.0000363
0.0000227
0.0000227
0.0000363
0.0000182
0.0000590
0.0000454
0.0000318
0.0000363
0.0000227
0.0000227
0.0000318
0.0000091
0.0000091
0.0000272
0.0000454
0.0000182
0.0000272
0.0000045
0.0000318
0.0000227
0.0000182
0.0000454
0.0000045
0.0000182
0.0000091
0.0000272
0.0000272
0.0000272
0.0000182
0.0000182
0.0000545
0.0000182
0.0000091
0.0000045
0.0000272
0.0000272
0.0000272
0.0000272
0.0000545
0.0000182
0.0000182
0.0000091
0.0000363
0.0000318
0.0000182
0.0000182
0.0000318
0.0000182
0.0000454
0.0000363
0.0000318
0.0000408
0.0000182
0.0000272
0.0000363
0.0000363
0.0000272
0.0000091
0.0000227
0.0000182
0.0000408
0.0000091
0.0000045
0.0000318
0.0000227
0.0000182
0.0000363
0.0000272
0.0000363
0.0000091
0.0000454
0.0000272
0.0000091
0.0000000
0.0000318
0.0000363
0.0000182
0.0000318
0.0000000
0.0000227
0.0000091
0.0000182
0.0000045
0.0000590
0.0000363
0.0000045
0.0000681
0.0000454
0.0000363
0.0000363
0.0000363
0.0000545
0.0000318
0.0000318
0.0000182
0.0000227
0.0000091
0.0000227
0.0000182
0.0000091
0.0000227
0.0000272
0.0000272
0.0000318
0.0000182
0.0000182
0.0000136
0.0000363
0.0000318
0.0000318
0.0000363
0.0000272
0.0000227
0.0000363
0.0000091
0.0000681
0.0000182
0.0000318
0.0000499
0.0000045
0.0000363
0.0000182
0.0000227
0.0000363
0.0000454
0.0000045
0.0000272
0.0000091
0.0000091
0.0000091
0.0000545
0.0000091
0.0000363
0.0000590
0.0000227
0.0000182
0.0000227
0.0000182
0.0000545
0.0000182
0.0000499
0.0000363
0.0000091
0.0000408
0.0000136
0.0000227
0.0000227
0.0000408
0.0000363
0.0000045
0.0000499
0.0000363
0.0000363
0.0000182
0.0000454
0.0000363
0.0000318
0.0000091
0.0000091
0.0000136
0.0000091
0.0000182
0.0000182
0.0000272
0.0000499
0.0000272
0.0000363
0.0000318
0.0000272
0.0000227
0.0000136
0.0000000
0.0000318
0.0000772
0.0000182
0.0000318
0.0000136
0.0000227
0.0000363
0.0000227
0.0000136
0.0000136
0.0000590
0.0000363
0.0000091
0.0000091
0.0000318
0.0000045
0.0000408
0.0000318
0.0000227
0.0000091
0.0000318
0.0000272
0.0000136
0.0000045
0.0000272
0.0000091
0.0000182
0.0000318
0.0000272
0.0000272
0.0000182
0.0000182
0.0000272
0.0000091
0.0000227
0.0000136
0.0000091
0.0000091
0.0000182
0.0000091
0.0000726
0.0000182
0.0000272
0.0000363
0.0000318
0.0000182
0.0000363
0.0000182
0.0000272
0.0000182
0.0000363
0.0000227
0.0000182
0.0000363
0.0000045
0.0000182
0.0000499
0.0000136
0.0000182
0.0000182
0.0000590
0.0000227
0.0000454
0.0000000
0.0000045
0.0000227
0.0000454
0.0000227
0.0000045
0.0000045
0.0000091
0.0000182
0.0000408
0.0000227
0.0000136
0.0000091
0.0000454
0.0000091
0.0000363
0.0000227
0.0000272
0.0000136
0.0000318
0.0000318
0.0000182
0.0000182
0.0000318
0.0000363
0.0000227
0.0000045
0.0000227
0.0000318
0.0000590
0.0000363
0.0000408
0.0000545
0.0000318
0.0000408
0.0000227
0.0000136
0.0000182
0.0000182
0.0000363
0.0000318
0.0000363
0.0000227
0.0000272
0.0000182
0.0000045
0.0000182
0.0000045
0.0000182
0.0000091
0.0000363
0.0000136
0.0000091
0.0000182
0.0000363
0.0000272
0.0000182
0.0000272
0.0000499
0.0000000
0.0000318
0.0000000
0.0000182
0.0000363
0.0000318
0.0000182
0.0000272
0.0000272
0.0000182
0.0000363
0.0000182
0.0000408
0.0000272
0.0000000
0.0000454
0.0000045
0.0000091
0.0000408
0.0000363
0.0000545
0.0000182
0.0000136
0.0000363
0.0000272
0.0000000
0.0000318
0.0000635
0.0000272
0.0000363
0.0000182
0.0000272
0.0000182
0.0000136
0.0000000
0.0000182
0.0000182
0.0000363
0.0000227
0.0000091
0.0000545
0.0000545
0.0000408
0.0000091
0.0000363
0.0000363
0.0000681
0.0000545
0.0000136
0.0000182
0.0000227
0.0000408
0.0000499
0.0000136
0.0000045
0.0000363
0.0000091
0.0000182
0.0000408
0.0000408
0.0000182
0.0000227
0.0000408
0.0000454
0.0000318
0.0000545
0.0000408
0.0000182
0.0000136
0.0000045
0.0000545
0.0000091
0.0000499
0.0000182
0.0000182
0.0000182
0.0000091
0.0000045
0.0000045
0.0000454
0.0000272
0.0000363
0.0000454
0.0000318
0.0000091
0.0000182
0.0000136
0.0000318
0.0000182
0.0000182
0.0000363
0.0000635
0.0000272
0.0000363
0.0000318
0.0000000
0.0000454
0.0000499
0.0000635
0.0000272
0.0000408
0.0000454
0.0000045
0.0000272
0.0000318
0.0000182
0.0000182
0.0000227
0.0000227
0.0000045
0.0000363
0.0000318
0.0000408
0.0000182
0.0000545
0.0000091
0.0000318
0.0000363
0.0000318
0.0000136
0.0000091
0.0000408
0.0000091
0.0000000
0.0000091
0.0000045
0.0000363
0.0000272
0.0000182
0.0000182
0.0000817
0.0000408
0.0000182
0.0000272
0.0000182
0.0000545
0.0000272
0.0000227
0.0000590
0.0000091
0.0000182
0.0000182
0.0000499
0.0000408
0.0000318
0.0000726
0.0000408
0.0000272
0.0000227
0.0000272
0.0000635
0.0000363
0.0000091
0.0000363
0.0000363
0.0000545
0.0000000
0.0000182
0.0000272
0.0000545
0.0000227
0.0000318
0.0000499
0.0000318
0.0000182
0.0000272
0.0000363
0.0000363
0.0000635
0.0000363
0.0000272
0.0000590
0.0000182
0.0000091
0.0000545
0.0000454
0.0000681
0.0000363
0.0000000
0.0000363
0.0000182
0.0000499
0.0000182
0.0000272
0.0000272
0.0000182
0.0000182
0.0000272
0.0000182
0.0000272
0.0000454
0.0000136
0.0000272
0.0000363
0.0000363
0.0000000
0.0000272
0.0000363
0.0000182
0.0000363
0.0000091
0.0000000
0.0000363
0.0000136
0.0000136
0.0000227
0.0000182
0.0000454
0.0000408
0.0000136
0.0000227
0.0000182
0.0000726
0.0000363
0.0000045
0.0000272
0.0000363
0.0000182
0.0000182
0.0000363
0.0000045
0.0000227
0.0000227
0.0000227
0.0000227
0.0000227
0.0000182
0.0000227
0.0000363
0.0000363
0.0000045
0.0000182
0.0000182
0.0000182
0.0000318
0.0000272
0.0000227
0.0000363
0.0000408
0.0000091
0.0000272
0.0000454
0.0000726
0.0000454
0.0000318
0.0000136
0.0000318
0.0000091
0.0000545
0.0000000
0.0000136
0.0000318
0.0000227
0.0000363
0.0000182
0.0000272
0.0000227
0.0000726
0.0000499
0.0000272
0.0000227
0.0000182
0.0000545
0.0000227
0.0000318
0.0000363
0.0000499
0.0000091
0.0000045
0.0000182
0.0000272
0.0000182
0.0000227
0.0000454
0.0000091
0.0000499
0.0000363
0.0000499
0.0000635
0.0000363
0.0000136
0.0000182
0.0000272
0.0000227
0.0000000
0.0000227
0.0000045
0.0000454
0.0000408
0.0000227
0.0000045
0.0000136
0.0000499
0.0000045
0.0000000
0.0000045
0.0000182
0.0000272
0.0000045
0.0000182
0.0000091
0.0000182
0.0000363
0.0000363
0.0000045
0.0000227
0.0000272
0.0000363
0.0000182
0.0000227
0.0000454
0.0000363
0.0000045
0.0000182
0.0000590
0.0000045
0.0000363
0.0000363
0.0000454
0.0000408
0.0000227
0.0000318
0.0000363
0.0000318
0.0000182
0.0000227
0.0000454
0.0000182
0.0000227
0.0000363
0.0000182
0.0000499
0.0000182
0.0000545
0.0000363
0.0000545
0.0000318
0.0000545
0.0000454
0.0000363
0.0000363
0.0000318
0.0000363
0.0000272
0.0000318
0.0000182
0.0000545
0.0000272
0.0000182
0.0000227
0.0000091
0.0000408
0.0000182
0.0000363
0.0000363
0.0000318
0.0000182
0.0000000
0.0000272
0.0000136
0.0000363
0.0000000
0.0000045
0.0000136
0.0000272
0.0000045
0.0000227
0.0000272
0.0000408
0.0000136
0.0000272
0.0000136
0.0000545
0.0000227
0.0000045
0.0000091
0.0000091
0.0000136
0.0000726
0.0000499
0.0000499
0.0000182
0.0000182
0.0000045
0.0000545
0.0000227
0.0000182
0.0000182
0.0000136
0.0000091
0.0000363
0.0000363
0.0000363
0.0000363
0.0000408
0.0000182
0.0000499
0.0000091
0.0000045
0.0000363
0.0000091
0.0000182
0.0000545
0.0000272
0.0000272
0.0000182
0.0000408
0.0000363
0.0000862
0.0000091
0.0000182
0.0000318
0.0000454
0.0000408
0.0000182
0.0000045
0.0000000
0.0000136
0.0000454
0.0000182
0.0000635
0.0000545
0.0000000
0.0000182
0.0000182
0.0000408
0.0000182
0.0000408
0.0000182
0.0000318
0.0000091
0.0000272
0.0000681
0.0000045
0.0000045
0.0000408
0.0000182
0.0000182
0.0000227
0.0000272
0.0000545
0.0000454
0.0000182
0.0000363
0.0000182
0.0000363
0.0000182
0.0000000
0.0000045
0.0000091
0.0000091
0.0000136
0.0000091
0.0000182
0.0000091
0.0000182
0.0000590
0.0000408
0.0000182
0.0000272
0.0000545
0.0000363
0.0000182
0.0000091
0.0000499
0.0000182
0.0000227
0.0000045
0.0000091
0.0000045
0.0000590
0.0000908
0.0000227
0.0000635
0.0000182
0.0000318
0.0000363
0.0000045
0.0000182
0.0000227
0.0000182
0.0000227
0.0000182
0.0000454
0.0000272
0.0000499
0.0000318
0.0000272
0.0000182
0.0000045
0.0000454
0.0000454
0.0000227
0.0000182
0.0000182
0.0000227
0.0000363
0.0000408
0.0000681
0.0000182
0.0000363
0.0000091
0.0000227
0.0000318
0.0000272
0.0000136
0.0000363
0.0000272
0.0000363
0.0000136
0.0000045
0.0000091
0.0000726
0.0000182
0.0000182
0.0000318
0.0000408
0.0000363
0.0000272
0.0000545
0.0000545
0.0000045
0.0000363
0.0000000
0.0000318
0.0000363
0.0000227
0.0000272
0.0000045
0.0000182
0.0000045
0.0000045
0.0000091
0.0000091
0.0000182
0.0000045
0.0000227
0.0000091
0.0000635
0.0000454
0.0000363
0.0000318
0.0000318
0.0000363
0.0000454
0.0000363
0.0000318
0.0000000
0.0000136
0.0000182
0.0000272
0.0000318
0.0000182
0.0000454
0.0000318
0.0000454
0.0000182
0.0000182
0.0000136
0.0000363
0.0000227
0.0000091
0.0000182
0.0000272
0.0000182
0.0000091
0.0000363
0.0000182
0.0000454
0.0000227
0.0000136
0.0000182
0.0000318
0.0000408
0.0000182
0.0000272
0.0000136
0.0000363
0.0000227
0.0000318
0.0000318
0.0000363
0.0000136
0.0000272
0.0000182
0.0000182
0.0000272
0.0000182
0.0000454
0.0000182
0.0000227
0.0000318
0.0000272
0.0000182
0.0000272
0.0000091
0.0000136
0.0000318
0.0000272
0.0000182
0.0000045
0.0000182
0.0000000
0.0000227
0.0000136
0.0000182
0.0000408
0.0000363
0.0000136
0.0000000
0.0000000
0.0000227
0.0000499
0.0000272
0.0000091
0.0000091
0.0000318
0.0000091
0.0000227
0.0000272
0.0000318
0.0000454
0.0000182
0.0000227
0.0000363
0.0000091
0.0000454
0.0000182
0.0000045
0.0000499
0.0000363
0.0000091
0.0000318
0.0000045
0.0000318
0.0000318
0.0000272
0.0000318
0.0000182
0.0000227
0.0000408
0.0000363
0.0000182
0.0000227
0.0000363
0.0000227
0.0000272
0.0000363
0.0000182
0.0000045
0.0000318
0.0000363
0.0000182
0.0000000
0.0000363
0.0000182
0.0000272
0.0000318
0.0000318
0.0000408
0.0000136
0.0000272
0.0000045
0.0000318
0.0000363
0.0000318
0.0000318
0.0000136
0.0000182
0.0000363
0.0000182
0.0000227
0.0000318
0.0000227
0.0000182
0.0000318
0.0000182
0.0000136
0.0000136
0.0000000
0.0000272
0.0000363
0.0000408
0.0000363
0.0000726
0.0000363
0.0000000
0.0000227
0.0000091
0.0000091
0.0000182
0.0000182
0.0000272
0.0000408
0.0000182
0.0000091
0.0000182
0.0000227
0.0000091
0.0000363
0.0000136
0.0000318
0.0000182
0.0000545
0.0000363
0.0000454
0.0000363
0.0000182
0.0000454
0.0000363
0.0000272
0.0000182
0.0000091
0.0000182
0.0000272
0.0000000
0.0000363
0.0000227
0.0000136
0.0000272
0.0000227
0.0000272
0.0000227
0.0000545
0.0000045
0.0000182
0.0000408
0.0000272
0.0000363
0.0000227
0.0000182
0.0000318
0.0000408
0.0000000
0.0000454
0.0000182
0.0000545
0.0000227
0.0000363
0.0000045
0.0000182
0.0000182
0.0000635
0.0000363
0.0000227
0.0000272
0.0000272
0.0000318
0.0000772
0.0000318
0.0000227
0.0000182
0.0000091
0.0000363
0.0000272
0.0000318
0.0000272
0.0000363
0.0000182
0.0000545
0.0000272
0.0000136
0.0000227
0.0000000
0.0000454
0.0000045
0.0000545
0.0000272
0.0000363
0.0000363
0.0000272
0.0000182
0.0000272
0.0000182
0.0000363
0.0000182
0.0000272
0.0000363
0.0000182
0.0000227
0.0000318
0.0000227
0.0000272
0.0000182
0.0000136
0.0000545
0.0000817
0.0000136
0.0000545
0.0000272
0.0000454
0.0000408
0.0000182
0.0000000
0.0000227
0.0000091
0.0000182
0.0000045
0.0000227
0.0000182
0.0000227
0.0000272
0.0000363
0.0000182
0.0000227
0.0000182
0.0000272
0.0000318
0.0000408
0.0000045
0.0000091
0.0000182
0.0000408
0.0000363
0.0000182
0.0000408
0.0000681
0.0000227
0.0000272
0.0000772
0.0000363
0.0000363
0.0000681
0.0000227
0.0000182
0.0000227
0.0000182
0.0000363
0.0000136
0.0000136
0.0000545
0.0000182
0.0000499
0.0000363
0.0000454
0.0000000
0.0000363
0.0000318
0.0000227
0.0000318
0.0000635
0.0000363
0.0000227
0.0000772
0.0000363
0.0000545
0.0000363
0.0000318
0.0000363
0.0000182
0.0000454
0.0000182
0.0000545
0.0000091
0.0000182
0.0000136
0.0000136
0.0000000
0.0000091
0.0000136
0.0000182
0.0000136
0.0000227
0.0000045
0.0000182
0.0000045
0.0000408
0.0000182
0.0000499
0.0000045
0.0000318
0.0000182
0.0000227
0.0000318
0.0000182
0.0000182
0.0000363
0.0000545
0.0000318
0.0000182
0.0000408
0.0000363
0.0000182
0.0000182
0.0000272
0.0000182
0.0000454
0.0000363
0.0000363
0.0000318
0.0000272
0.0000363
0.0000272
0.0000182
0.0000091
0.0000091
0.0000182
0.0000227
0.0000272
0.0000182
0.0000182
0.0000182
0.0000363
0.0000227
0.0000182
0.0000363
0.0000318
0.0000272
0.0000318
0.0000318
0.0000318
0.0000408
0.0000000
0.0000182
0.0000499
0.0000318
0.0000318
0.0000363
0.0000227
0.0000227
0.0000499
0.0000454
0.0000182
0.0000227
0.0000499
0.0000182
0.0000227
0.0000272
0.0000227
0.0000363
0.0000272
0.0000182
0.0000272
0.0000227
0.0000272
0.0000726
0.0000182
0.0000318
0.0000182
0.0000272
0.0000454
0.0000635
0.0000363
0.0000545
0.0000182
0.0000182
0.0000454
0.0000182
0.0000182
0.0000182
0.0000363
0.0000182
0.0000182
0.0000182
0.0000182
0.0000182
0.0000182
0.0000363
0.0000318
0.0000318
0.0000227
0.0000182
0.0000227
0.0000227
0.0000454
0.0000318
0.0000182
0.0000182
0.0000182
0.0000227
0.0000272
0.0000227
0.0000363
0.0000227
0.0000545
0.0000318
0.0000182
0.0000227
0.0000182
0.0000408
0.0000227
0.0000499
0.0000182
0.0000227
0.0000272
0.0000454
0.0000272
0.0000318
0.0000182
0.0000272
0.0000227
0.0000182
0.0000182
0.0000182
0.0000182
0.0000227
0.0000227
0.0000182
0.0000182
0.0000363
0.0000227
0.0000182
0.0000182
0.0000182
0.0000227
0.0000227
0.0000182
0.0000182
0.0000182
0.0000363
0.0000363
0.0000363
0.0000635
0.0000363
0.0000408
0.0000318
0.0000545
0.0000272
0.0000499
0.0000408
0.0000363
0.0000318
0.0000499
0.0000499
0.0000363
0.0000272
0.0000272
0.0000182
0.0000182
0.0000408
0.0000635
0.0000363
0.0000454
0.0000227
0.0000182
0.0000182
0.0000182
0.0000182
0.0000363
0.0000182
0.0000318
0.0000227
0.0000363
0.0000363
0.0000363
0.0000182
0.0000635
0.0000272
0.0000499
0.0000182
0.0000182
0.0000182
0.0000091
0.0000499
0.0000000
0.0000227
0.0000363
0.0000408
0.0000318
0.0000227
0.0000454
0.0000772
0.0000227
0.0000363
0.0000499
0.0000454
0.0000408
0.0000454
0.0000182
0.0000499
0.0000182
0.0000318
0.0000272
0.0000772
0.0000454
0.0000272
0.0000227
0.0000182
0.0000182
0.0000363
0.0000408
0.0000363
0.0000545
0.0000182
0.0000182
0.0000182
0.0000272
0.0000182
0.0000182
0.0000590
0.0000182
0.0000045
0.0000182
0.0000272
0.0000182
0.0000182
0.0000227
0.0000227
0.0000227
0.0000227
0.0000182
0.0000045
0.0000182
0.0000182
0.0000182
0.0000045
0.0000182
0.0000272
0.0000408
0.0000182
0.0000227
0.0000363
0.0000227
0.0000227
0.0000182
0.0000182
0.0000182
0.0000454
0.0000182
0.0000227
0.0000227
0.0000182
0.0000182
0.0000182
0.0000227
0.0000272
0.0000182
0.0000227
0.0000182
0.0000499
0.0000182
0.0000227
0.0000182
0.0000182
0.0000227
0.0000590
0.0000363
0.0000227
0.0000182
0.0000454
0.0000363
0.0000363
0.0000182
0.0000182
0.0000363
0.0000182
0.0000227
0.0000182
0.0000227
0.0000272
0.0000272
0.0000182
0.0000454
0.0000318
0.0000182
0.0000454
0.0000272
0.0000045
0.0000318
0.0000091
0.0000182
0.0000182
0.0000408
0.0000227
0.0000182
0.0000182
0.0000272
0.0000182
0.0000182
0.0000363
0.0000182
0.0000182
0.0000499
0.0000318
0.0000182
0.0000182
0.0000182
0.0000182
0.0000363
0.0000363
0.0000363
0.0000182
0.0000182
0.0000182
0.0000182
0.0000227
0.0000182
0.0000363
0.0000227
0.0000272
0.0000182
0.0000227
0.0000182
0.0000227
0.0000227
0.0000182
0.0000182
0.0000318
0.0000318
0.0000227
0.0000545
0.0000272
0.0000182
0.0000363
0.0000499
0.0000454
0.0000272
0.0000545
0.0000182
0.0000182
0.0000182
0.0000227
0.0000182
0.0000182
0.0000182
0.0000182
0.0000182
0.0000182
0.0000454
0.0000182
0.0000182
0.0000182
0.0000182
0.0000363
0.0000363
0.0000182
0.0000227
0.0000182
0.0000182
0.0000318
0.0000454
0.0000182
0.0000182
0.0000182
0.0000272
0.0000408
0.0000681
0.0000318
0.0000454
0.0000182
0.0000182
0.0000227
0.0000408
0.0000182
0.0000318
0.0000182
0.0000182
0.0000227
0.0000227
0.0000363
0.0000272
0.0000272
0.0000227
0.0000227
0.0000363
0.0000182
0.0000182
0.0000182
0.0000182
0.0000182
0.0000227
0.0000182
0.0000182
0.0000499
0.0000272
0.0000182
0.0000182
0.0000318
0.0000182
0.0000318
0.0000545
0.0000182
0.0000091
0.0000363
0.0000182
0.0000363
0.0000182
0.0000363
0.0000182
0.0000182
0.0000182
0.0000227
0.0000227
0.0000272
0.0000182
0.0000182
0.0000454
0.0000272
0.0000182
0.0000227
0.0000318
0.0000182
0.0000408
0.0000136
0.0000227
0.0000363
0.0000363
0.0000363
0.0000182
0.0000182
0.0000227
0.0000318
0.0000182
0.0000182
0.0000227
0.0000635
0.0000545
0.0000182
0.0000182
0.0000182
0.0000182
0.0000182
0.0000182
0.0000182
0.0000363
0.0000182
0.0000318
0.0000454
0.0000454
0.0000182
0.0000182
0.0000227
0.0000182
0.0000182
0.0000182
0.0000182
0.0000182
0.0000408
0.0000182
0.0000363
0.0000408
0.0000363
0.0000408
0.0000227
0.0000182
0.0000182
0.0000182
0.0000272
0.0000182
0.0000136
0.0000182
0.0000182
0.0000182
0.0000454
0.0000408
0.0000182
0.0000227
0.0000363
0.0000136
0.0000545
0.0000408
0.0000091
0.0000000
0.0000318
0.0000182
0.0000590
0.0000454
0.0000454
0.0000182
0.0000182
0.0000227
0.0000182
0.0000182
0.0000408
0.0000227
0.0000182
0.0000318
0.0000136
0.0000182
0.0000182
0.0000227
0.0000590
0.0000182
0.0000182
0.0000318
0.0000227
0.0000227
0.0000182
0.0000182
0.0000454
0.0000272
0.0000363
0.0000318
0.0000136
0.0000182
0.0000227
0.0000182
0.0000182
0.0000182
0.0000182
0.0000227
0.0000590
0.0000499
0.0000182
0.0000318
0.0000227
0.0000318
0.0000318
0.0000272
0.0000227
0.0000182
0.0000726
0.0000408
0.0000182
0.0000363
0.0000182
0.0000182
0.0000182
0.0000363
0.0000182
0.0000182
0.0000182
0.0000182
0.0000182
0.0000454
0.0000136
0.0000227
0.0000227
0.0000272
0.0000363
0.0000408
0.0000227
0.0000454
0.0000272
0.0000272
0.0000272
0.0000182
0.0000182
0.0000182
0.0000182
0.0000363
0.0000182
0.0000499
0.0000182
0.0000272
0.0000363
0.0000681
0.0000182
0.0000227
0.0000363
0.0000227
0.0000318
0.0000182
0.0000454
0.0000363
0.0000182
0.0000182
0.0000045
0.0000182
0.0000045
0.0000091
0.0000499
0.0000454
0.0000182
0.0000408
0.0000227
0.0000227
0.0000091
0.0000182
0.0000182
0.0000182
0.0000272
0.0000227
0.0000272
0.0000182
0.0000227
0.0000045
0.0000363
0.0000227
0.0000363
0.0000182
0.0000182
0.0000227
0.0000182
0.0000182
0.0000045
0.0000182
0.0000182
0.0000182
0.0000182
0.0000136
0.0000182
0.0000182
0.0000182
0.0000227
0.0000182
0.0000363
0.0000091
0.0000045
0.0000000
0.0000182
0.0000182
0.0000182
0.0000182
0.0000182
0.0000136
0.0000182
0.0000182
0.0000182
0.0000318
0.0000182
0.0000227
0.0000272
0.0000182
0.0000182
0.0000363
0.0000182
0.0000318
0.0000091
0.0000182
0.0000227
0.0000363
0.0000227
0.0000227
0.0000182
0.0000182
0.0000408
0.0000182
0.0000182
0.0000182
0.0000182
0.0000408
0.0000182
0.0000363
0.0000182
0.0000182
0.0000182
0.0000318
0.0000363
0.0000182
0.0000182
0.0000227
0.0000227
0.0000318
0.0000318
0.0000272
0.0000182
0.0000182
0.0000318
0.0000363
0.0000182
0.0000136
0.0000272
0.0000182
0.0000182
0.0000182
0.0000272
0.0000227
0.0000182
0.0000045
0.0000363
0.0000318
0.0000363
0.0000227
0.0000272
0.0000182
0.0000227
0.0000318
0.0000272
0.0000545
0.0000272
0.0000182
0.0000182
0.0000182
0.0000272
0.0000454
0.0000091
0.0000182
0.0000272
0.0000363
0.0000363
0.0000182
0.0000227
0.0000182
0.0000272
0.0000182
0.0000227
0.0000272
0.0000227
0.0000272
0.0000227
0.0000590
0.0000091
0.0000091
0.0000227
0.0000408
0.0000182
0.0000182
0.0000363
0.0000318
0.0000272
0.0000227
0.0000227
0.0000182
0.0000182
0.0000182
0.0000182
0.0000182
0.0000182
0.0000227
0.0000227
0.0000182
0.0000363
0.0000272
0.0000227
0.0000499
0.0000408
0.0000318
0.0000182
0.0000182
0.0000272
0.0000136
0.0000227
0.0000272
0.0000272
