0.1389117
0.0270691
0.0358301
0.0204754
0.0145119
0.0140516
0.0082369
0.0068417
0.0076632
0.0052056
0.0065477
0.0042034
0.0053827
0.0054322
0.0030844
0.0039449
0.0037749
0.0048267
0.0034385
0.0059953
0.0046709
0.0017529
0.0024293
0.0046780
0.0048834
0.0024930
0.0050533
0.0094622
0.0033571
0.0035483
0.0048621
0.0026099
0.0057049
0.0009172
0.0037147
0.0012501
0.0032863
0.0038068
0.0019973
0.0036014
0.0020822
0.0031517
0.0006941
0.0031588
0.0032508
0.0019795
0.0027197
0.0017104
0.0007260
0.0058112
0.0033960
0.0005489
0.0010340
0.0024930
0.0017989
0.0004356
0.0017635
0.0017742
0.0014413
0.0011084
0.0014979
0.0022912
0.0023939
0.0014342
0.0012784
0.0014200
0.0014484
0.0026843
0.0028826
0.0017777
0.0006870
0.0002125
0.0038706
0.0004462
0.0030313
0.0003435
0.0003152
0.0007862
0.0025107
0.0004887
0.0036510
0.0013669
0.0013811
0.0012501
0.0009845
0.0010199
0.0012713
0.0010482
0.0025072
0.0010270
0.0002337
0.0007578
0.0002585
0.0015369
0.0005383
0.0006410
0.0006020
0.0007543
0.0015086
0.0032225
0.0010801
0.0003400
0.0023230
0.0019087
0.0002691
0.0007649
0.0009455
0.0009172
0.0006268
0.0010022
0.0012253
0.0007189
0.0007897
0.0033854
0.0012607
0.0020929
0.0008357
0.0010517
0.0007012
0.0012217
0.0040122
0.0014661
0.0009597
0.0010270
0.0006870
0.0000708
0.0010340
0.0018450
0.0009880
0.0004072
0.0003647
0.0017352
0.0006162
0.0007649
0.0014661
0.0006091
0.0008959
0.0014271
0.0004993
0.0007012
0.0004249
0.0020043
0.0002833
0.0007649
0.0002443
0.0007366
0.0014448
0.0006233
0.0011792
0.0009951
0.0005701
0.0003223
0.0006374
0.0016821
0.0004427
0.0004745
0.0006693
0.0004002
0.0013917
0.0006339
0.0002337
0.0012748
0.0004427
0.0022912
0.0006976
0.0004993
0.0001700
0.0004958
0.0005985
0.0004037
0.0002585
0.0005489
0.0005631
0.0011013
0.0011084
0.0009066
0.0003825
0.0006516
0.0005099
0.0001310
0.0005524
0.0004674
0.0010199
0.0015263
0.0009207
0.0003329
0.0003789
0.0005843
0.0002656
0.0006055
0.0002904
0.0003895
0.0001133
0.0007330
0.0008039
0.0010199
0.0002302
0.0011438
0.0011297
0.0009668
0.0001487
0.0003187
0.0010447
0.0006764
0.0013315
0.0002231
0.0007153
0.0001806
0.0009030
0.0013421
0.0008605
0.0002160
0.0004639
0.0007118
0.0010907
0.0007189
0.0006374
0.0001700
0.0003895
0.0003789
0.0004179
0.0007224
0.0006976
0.0002550
0.0004674
0.0010765
0.0011119
0.0020291
0.0011297
0.0003895
0.0002408
0.0002585
0.0007118
0.0003116
0.0007224
0.0008818
0.0000779
0.0004604
0.0003187
0.0008570
0.0003541
0.0001664
0.0015050
0.0013350
0.0003152
0.0008357
0.0006445
0.0004533
0.0003435
0.0005701
0.0001275
0.0005949
0.0000354
0.0018698
0.0013811
0.0009774
0.0000673
0.0002868
0.0004851
0.0004179
0.0012819
0.0005029
0.0005949
0.0004285
0.0004604
0.0002443
0.0004072
0.0004639
0.0004002
0.0001912
0.0005737
0.0003860
0.0005701
0.0005206
0.0004497
0.0003258
0.0004179
0.0004993
0.0001771
0.0003541
0.0001487
0.0000248
0.0006480
0.0004993
0.0002585
0.0003187
0.0000708
0.0006764
0.0001806
0.0001700
0.0001133
0.0002904
0.0005914
0.0002833
0.0003045
0.0006020
0.0001133
0.0006374
0.0003010
0.0006162
0.0004002
0.0007012
0.0005949
0.0001912
0.0005843
0.0003223
0.0004108
0.0003010
0.0005985
0.0005383
0.0006303
0.0001558
0.0004851
0.0002373
0.0001983
0.0001169
0.0002196
0.0004214
0.0002018
0.0000921
0.0003258
0.0001381
0.0000637
0.0011226
0.0005489
0.0004108
0.0002975
0.0003825
0.0003081
0.0005985
0.0003400
0.0005808
0.0002231
0.0000283
0.0002302
0.0002373
0.0001062
0.0002443
0.0003754
0.0003895
0.0001416
0.0001346
0.0001841
0.0002939
0.0002054
0.0002621
0.0003364
0.0002833
0.0000885
0.0001841
0.0006197
0.0008534
0.0006091
0.0005347
0.0002054
0.0002621
0.0001664
0.0001062
0.0002196
0.0004710
0.0003435
0.0001912
0.0000850
0.0003116
0.0000779
0.0003293
0.0004710
0.0001452
0.0002514
0.0001912
0.0004249
0.0004143
0.0000531
0.0001594
0.0003293
0.0005418
0.0004639
0.0000390
0.0001948
0.0005206
0.0002585
0.0006374
0.0004993
0.0001523
0.0004427
0.0002408
0.0010199
0.0003364
0.0002833
0.0000814
0.0001912
0.0000283
0.0002196
0.0000248
0.0003541
0.0007791
0.0008109
0.0001310
0.0000992
0.0000567
0.0003612
0.0002089
0.0003400
0.0002408
0.0006516
0.0002691
0.0003789
0.0001523
0.0002904
0.0003860
0.0000602
0.0001735
0.0003895
0.0002160
0.0004745
0.0000850
0.0000425
0.0004320
0.0007684
0.0001416
0.0000744
0.0000885
0.0000850
0.0001487
0.0000779
0.0000035
0.0000673
0.0003045
0.0002691
0.0003223
0.0001027
0.0002939
0.0004462
0.0003754
0.0002089
0.0002196
0.0003152
0.0000637
0.0002762
0.0000921
0.0001948
0.0002302
0.0006197
0.0004285
0.0000992
0.0001841
0.0001098
0.0001877
0.0002266
0.0002550
0.0001416
0.0005206
0.0001133
0.0000602
0.0002373
0.0002904
0.0002621
0.0003400
0.0001062
0.0000531
0.0002018
0.0008039
0.0002479
0.0001098
0.0000567
0.0001452
0.0001983
0.0001416
0.0004497
0.0001239
0.0001239
0.0003470
0.0003789
0.0001912
0.0002514
0.0003364
0.0002231
0.0002443
0.0001629
0.0001133
0.0001700
0.0003010
0.0001133
0.0002550
0.0001983
0.0001310
0.0001806
0.0003152
0.0004462
0.0001275
0.0001239
0.0002054
0.0001346
0.0002479
0.0002018
0.0004391
0.0002868
0.0000992
0.0002798
0.0000956
0.0003116
0.0003895
0.0001806
0.0002975
0.0000885
0.0004037
0.0003152
0.0002550
0.0003329
0.0003187
0.0001594
0.0000956
0.0006480
0.0000673
0.0001416
0.0001558
0.0002762
0.0001487
0.0001062
0.0008074
0.0003400
0.0000779
0.0001346
0.0000850
0.0003612
0.0001381
0.0001735
0.0000531
0.0002975
0.0004427
0.0000744
0.0001027
0.0000673
0.0004887
0.0003470
0.0004249
0.0001275
0.0001983
0.0002408
0.0005099
0.0005312
0.0004391
0.0002160
0.0002160
0.0001452
0.0002125
0.0002939
0.0001381
0.0002939
0.0001948
0.0001169
0.0002585
0.0002231
0.0001912
0.0006268
0.0000921
0.0002266
0.0001771
0.0001239
0.0001664
0.0001098
0.0000992
0.0001133
0.0004851
0.0001771
0.0001239
0.0004320
0.0001629
0.0002408
0.0000885
0.0001346
0.0000956
0.0001346
0.0001877
0.0002018
0.0000744
0.0001169
0.0000212
0.0000708
0.0005737
0.0002302
0.0000283
0.0004002
0.0000921
0.0001983
0.0000992
0.0000142
0.0000850
0.0001983
0.0001204
0.0001381
0.0000567
0.0001381
0.0001877
0.0004710
0.0000283
0.0000921
0.0000956
0.0003966
0.0000708
0.0000390
0.0002443
0.0001629
0.0001275
0.0002550
0.0004604
0.0002373
0.0002939
0.0003612
0.0002868
0.0000921
0.0002231
0.0002514
0.0001310
0.0002054
0.0000850
0.0002160
0.0001169
0.0002691
0.0001523
0.0001275
0.0001948
0.0000744
0.0001558
0.0000531
0.0001169
0.0002125
0.0000779
0.0000850
0.0002691
0.0001346
0.0002585
0.0002125
0.0001169
0.0001771
0.0000708
0.0004072
0.0003293
0.0001735
0.0001381
0.0000531
0.0001735
0.0000531
0.0001594
0.0003010
0.0001487
0.0000779
0.0001700
0.0002691
0.0002125
0.0004285
0.0001381
0.0000992
0.0000567
0.0001027
0.0001133
0.0003364
0.0000814
0.0001346
0.0000425
0.0001558
0.0002196
0.0002868
0.0004568
0.0002656
0.0002868
0.0001806
0.0000567
0.0001629
0.0000956
0.0000779
0.0001700
0.0001594
0.0001806
0.0000921
0.0000460
0.0001664
0.0000673
0.0001098
0.0001239
0.0001062
0.0001275
0.0000319
0.0001629
0.0002018
0.0000992
0.0003895
0.0001204
0.0002443
0.0001452
0.0001523
0.0002125
0.0001664
0.0002585
0.0002656
0.0002727
0.0001806
0.0001771
0.0000531
0.0000531
0.0000814
0.0002054
0.0001098
0.0000708
0.0000885
0.0001700
0.0000283
0.0000779
0.0000531
0.0000708
0.0000744
0.0000885
0.0001452
0.0000956
0.0001523
0.0000142
0.0001629
0.0001523
0.0001735
0.0004214
0.0001523
0.0000531
0.0000779
0.0000496
0.0000744
0.0001346
0.0000425
0.0001594
0.0000814
0.0000567
0.0001523
0.0001169
0.0000673
0.0001912
0.0001416
0.0000602
0.0000248
0.0002231
0.0001062
0.0000921
0.0001806
0.0000992
0.0001310
0.0003400
0.0002691
0.0004320
0.0000637
0.0001664
0.0003010
0.0002373
0.0003506
0.0000744
0.0001416
0.0000354
0.0000460
0.0000602
0.0000602
0.0000248
0.0003152
0.0000744
0.0002514
0.0000460
0.0002904
0.0002018
0.0003966
0.0002018
0.0002231
0.0001594
0.0000460
0.0000567
0.0002621
0.0000460
0.0001027
0.0001452
0.0001629
0.0000283
0.0000460
0.0000567
0.0001523
0.0000708
0.0002337
0.0002054
0.0000460
0.0002939
0.0003718
0.0003895
0.0003045
0.0004143
0.0001381
0.0000602
0.0002266
0.0001133
0.0001700
0.0000956
0.0000567
0.0000567
0.0000814
0.0001594
0.0000283
0.0000956
0.0001664
0.0001239
0.0000212
0.0000142
0.0001204
0.0002266
0.0001169
0.0000283
0.0001452
0.0001239
0.0001239
0.0001523
0.0002337
0.0000425
0.0001133
0.0000673
0.0000567
0.0001806
0.0001098
0.0001700
0.0001204
0.0000992
0.0001204
0.0000637
0.0001416
0.0000637
0.0001275
0.0001098
0.0001841
0.0000531
0.0000283
0.0000567
0.0000248
0.0002621
0.0000248
0.0001062
0.0001098
0.0001594
0.0002585
0.0001523
0.0003329
0.0003010
0.0001452
0.0000142
0.0002443
0.0002089
0.0003081
0.0000177
0.0001204
0.0003577
0.0000673
0.0002479
0.0001594
0.0002125
0.0000460
0.0001877
0.0000956
0.0000814
0.0000814
0.0001983
0.0000142
0.0000567
0.0000850
0.0001523
0.0001275
0.0002585
0.0001700
0.0001239
0.0001239
0.0001558
0.0002018
0.0000673
0.0000956
0.0000814
0.0001381
0.0001771
0.0001735
0.0001452
0.0001133
0.0000248
0.0000496
0.0001133
0.0000390
0.0000602
0.0000850
0.0000283
0.0000425
0.0001452
0.0000850
0.0000531
0.0001523
0.0002443
0.0001877
0.0000708
0.0000744
0.0003400
0.0001239
0.0002018
0.0001523
0.0001700
0.0000531
0.0001558
0.0000673
0.0000850
0.0001806
0.0000708
0.0001204
0.0000531
0.0000425
0.0001700
0.0000496
0.0000460
0.0000637
0.0000637
0.0001983
0.0000921
0.0002302
0.0000460
0.0001877
0.0000602
0.0000673
0.0000602
0.0001239
0.0000992
0.0000496
0.0002727
0.0003577
0.0001275
0.0000567
0.0002054
0.0000354
0.0001062
0.0000531
0.0000708
0.0000850
0.0001062
0.0001487
0.0000637
0.0001381
0.0000779
0.0001310
0.0000425
0.0002514
0.0000885
0.0000425
0.0000850
0.0000956
0.0001275
0.0001381
0.0000177
0.0000956
0.0000425
0.0001948
0.0002798
0.0000779
0.0001416
0.0000390
0.0001735
0.0000460
0.0001239
0.0000425
0.0000992
0.0001204
0.0001416
0.0000921
0.0001416
0.0000637
0.0001346
0.0000319
0.0001027
0.0001912
0.0002196
0.0000531
0.0001487
0.0000744
0.0001487
0.0001346
0.0000496
0.0001027
0.0001310
0.0001169
0.0000531
0.0000212
0.0000708
0.0000779
0.0000885
0.0003152
0.0000071
0.0001027
0.0000779
0.0000177
0.0002196
0.0000390
0.0001912
0.0000673
0.0000956
0.0001771
0.0000390
0.0001169
0.0000992
0.0000850
0.0001239
0.0000602
0.0002479
0.0001381
0.0000567
0.0002514
0.0000602
0.0000992
0.0002585
0.0001771
0.0000921
0.0001062
0.0000460
0.0000956
0.0001523
0.0000567
0.0000531
0.0000850
0.0001275
0.0002904
0.0001310
0.0001487
0.0001027
0.0000531
0.0001133
0.0000248
0.0000425
0.0000921
0.0000602
0.0002196
0.0000283
0.0000921
0.0001558
0.0001027
0.0000850
0.0000992
0.0000106
0.0000602
0.0000956
0.0002160
0.0001381
0.0001275
0.0001098
0.0000673
0.0001098
0.0000602
0.0000673
0.0000283
0.0000602
0.0000177
0.0000496
0.0002231
0.0000814
0.0000992
0.0001239
0.0001027
0.0000000
0.0000708
0.0000992
0.0002196
0.0000354
0.0001098
0.0002266
0.0001133
0.0001416
0.0000956
0.0001381
0.0000708
0.0000567
0.0000744
0.0000177
0.0001133
0.0000212
0.0001381
0.0000708
0.0000000
0.0000567
0.0000071
0.0000390
0.0000708
0.0000850
0.0001204
0.0001487
0.0000637
0.0001771
0.0000814
0.0000425
0.0001416
0.0001983
0.0002266
0.0000779
0.0003931
0.0002691
0.0000496
0.0000992
0.0001948
0.0001487
0.0000708
0.0000460
0.0000602
0.0000673
0.0000637
0.0001310
0.0000142
0.0000425
0.0001452
0.0000283
0.0002373
0.0000319
0.0001594
0.0002337
0.0000354
0.0000460
0.0001310
0.0000248
0.0000283
0.0000283
0.0001983
0.0001275
0.0001275
0.0001594
0.0001239
0.0000673
0.0000992
0.0002196
0.0001594
0.0000354
0.0001027
0.0000248
0.0000496
0.0000567
0.0000567
0.0001346
0.0000283
0.0000885
0.0000673
0.0000708
0.0001133
0.0002373
0.0001983
0.0000212
0.0001841
0.0000814
0.0000567
0.0000567
0.0000673
0.0001169
0.0001452
0.0002054
0.0000814
0.0001416
0.0001558
0.0002868
0.0001098
0.0002337
0.0001062
0.0001027
0.0000637
0.0000779
0.0003754
0.0001416
0.0000531
0.0000814
0.0001912
0.0000460
0.0000779
0.0000354
0.0000885
0.0000814
0.0000708
0.0000425
0.0000460
0.0000248
0.0000319
0.0000602
0.0001027
0.0001204
0.0000637
0.0000956
0.0000425
0.0000319
0.0000992
0.0000460
0.0000354
0.0000460
0.0000814
0.0001062
0.0001062
0.0000885
0.0001204
0.0000708
0.0000673
0.0000673
0.0000567
0.0001594
0.0000885
0.0000283
0.0001062
0.0000956
0.0000779
0.0001594
0.0000637
0.0000531
0.0002231
0.0000779
0.0000567
0.0001594
0.0000637
0.0000744
0.0001629
0.0000460
0.0000283
0.0000673
0.0001416
0.0000921
0.0001664
0.0000567
0.0001169
0.0000921
0.0001452
0.0000921
0.0000531
0.0001239
0.0001239
0.0000496
0.0000708
0.0000425
0.0000921
0.0001098
0.0001735
0.0000708
0.0000177
0.0001416
0.0000212
0.0000814
0.0000814
0.0001487
0.0000425
0.0002514
0.0000992
0.0002018
0.0001169
0.0000850
0.0001664
0.0000779
0.0001806
0.0001912
0.0002373
0.0001346
0.0000956
0.0001239
0.0000637
0.0001416
0.0001629
0.0000992
0.0000744
0.0000425
0.0000673
0.0000212
0.0001062
0.0001239
0.0000567
0.0000708
0.0000354
0.0000248
0.0000708
0.0001487
0.0000567
0.0000142
0.0000814
0.0001169
0.0000567
0.0000885
0.0000496
0.0000283
0.0001062
0.0000071
0.0000850
0.0000390
0.0000673
0.0001169
0.0001133
0.0000283
0.0000531
0.0000602
0.0000354
0.0000637
0.0000779
0.0001133
0.0002196
0.0001062
0.0000035
0.0000035
0.0001027
0.0000637
0.0001558
0.0000283
0.0000425
0.0000390
0.0001487
0.0001275
0.0000992
0.0000673
0.0000212
0.0000637
0.0000602
0.0000602
0.0000602
0.0000283
0.0000425
0.0000992
0.0000637
0.0001027
0.0000106
0.0000567
0.0000567
0.0000602
0.0000567
0.0001487
0.0000425
0.0001416
0.0000567
0.0000602
0.0000142
0.0000637
0.0000744
0.0001523
0.0000744
0.0000354
0.0000708
0.0000814
0.0000921
0.0000142
0.0000319
0.0000885
0.0000992
0.0000425
0.0000744
0.0000567
0.0001133
0.0000921
0.0000071
0.0000956
0.0001664
0.0001310
0.0000708
0.0000779
0.0001912
0.0000283
0.0002302
0.0000390
0.0000248
0.0000354
0.0000992
0.0000248
0.0001239
0.0000956
0.0002585
0.0001983
0.0003081
0.0000992
0.0003045
0.0001346
0.0001098
0.0001027
0.0001027
0.0000460
0.0000531
0.0000319
0.0000390
0.0000885
0.0001062
0.0000744
0.0000531
0.0000496
0.0000460
0.0000637
0.0000212
0.0000142
0.0000567
0.0001062
0.0000425
0.0000425
0.0000212
0.0000673
0.0000071
0.0000567
0.0000531
0.0001169
0.0000496
0.0000248
0.0000602
0.0000814
0.0000531
0.0000779
0.0001062
0.0001098
0.0000885
0.0000992
0.0000637
0.0001062
0.0000531
0.0000212
0.0000567
0.0001452
0.0001062
0.0000531
0.0000673
0.0000496
0.0000992
0.0001062
0.0001062
0.0001239
0.0001700
0.0000390
0.0000496
0.0000779
0.0001027
0.0000390
0.0000567
0.0000814
0.0001664
0.0000637
0.0000637
0.0000283
0.0000708
0.0000850
0.0000850
0.0000354
0.0000992
0.0000992
0.0000531
0.0000567
0.0000248
0.0000779
0.0000283
0.0000319
0.0000425
0.0000425
0.0001239
0.0001664
0.0000921
0.0001027
0.0000850
0.0001983
0.0000779
0.0000850
0.0000885
0.0000283
0.0001310
0.0000673
0.0000673
0.0000496
0.0000814
0.0000850
0.0000354
0.0001310
0.0000885
0.0000708
0.0000744
0.0000142
0.0000354
0.0000921
0.0000035
0.0000460
0.0000354
0.0000992
0.0001523
0.0000850
0.0000992
0.0000567
0.0000460
0.0001310
0.0000814
0.0000319
0.0000531
0.0000496
0.0000992
0.0000602
0.0001416
0.0001594
0.0002054
0.0001346
0.0001700
0.0000850
0.0000567
0.0000496
0.0001310
0.0001346
0.0000779
0.0001062
0.0000248
0.0000708
0.0000602
0.0000921
0.0000744
0.0000637
0.0000283
0.0000673
0.0000142
0.0000992
0.0000212
0.0000602
0.0000142
0.0000390
0.0000248
0.0000673
0.0000496
0.0000283
0.0000814
0.0000496
0.0000850
0.0000354
0.0000248
0.0001204
0.0001275
0.0001027
0.0000283
0.0000460
0.0000425
0.0000425
0.0000319
0.0001487
0.0001062
0.0000531
0.0000283
0.0000779
0.0000637
0.0000496
0.0000390
0.0000142
0.0000602
0.0000425
0.0000390
0.0000212
0.0000567
0.0000283
0.0000319
0.0000956
0.0000744
0.0001062
0.0000567
0.0001452
0.0001452
0.0001877
0.0000142
0.0000921
0.0000425
0.0001523
0.0000673
0.0001133
0.0000425
0.0000956
0.0000425
0.0001098
0.0000177
0.0000248
0.0000567
0.0001062
0.0000814
0.0000390
0.0001629
0.0001133
0.0001558
0.0000567
0.0001381
0.0001239
0.0001629
0.0001239
0.0001346
0.0001381
0.0000673
0.0001452
0.0001735
0.0000850
0.0000248
0.0000850
0.0000956
0.0000319
0.0000744
0.0000425
0.0000921
0.0001169
0.0000779
0.0000637
0.0001062
0.0000283
0.0001027
0.0000248
0.0000531
0.0000177
0.0000177
0.0000460
0.0000708
0.0002762
0.0000708
0.0000283
0.0000531
0.0000850
0.0000212
0.0000425
0.0000390
0.0000460
0.0000708
0.0000319
0.0000531
0.0000425
0.0000496
0.0001487
0.0000850
0.0001452
0.0000319
0.0000496
0.0000354
0.0000708
0.0001027
0.0000602
0.0000673
0.0000921
0.0000496
0.0000354
0.0000177
0.0001133
0.0001062
0.0000637
0.0001487
0.0000637
0.0000142
0.0000142
0.0000814
0.0000673
0.0000814
0.0000390
0.0000425
0.0000390
0.0000248
0.0000354
0.0000496
0.0000142
0.0001629
0.0000921
0.0000992
0.0000425
0.0000637
0.0001062
0.0001027
0.0000390
0.0001629
0.0000779
0.0001381
0.0000319
0.0000637
0.0002160
0.0002054
0.0001594
0.0000177
0.0000850
0.0001310
0.0000885
0.0001346
0.0001416
0.0001133
0.0001062
0.0001062
0.0001275
0.0000673
0.0000460
0.0000248
0.0000531
0.0001133
0.0000142
0.0000354
0.0000142
0.0000319
0.0001098
0.0000283
0.0000673
0.0000248
0.0000425
0.0000177
0.0000637
0.0001204
0.0000071
0.0000567
0.0000283
0.0000319
0.0000425
0.0000425
0.0000779
0.0000177
0.0000390
0.0000708
0.0000567
0.0000283
0.0000779
0.0000531
0.0000885
0.0000531
0.0000283
0.0000177
0.0000779
0.0000850
0.0000460
0.0000602
0.0000673
0.0000531
0.0001204
0.0000319
0.0000425
0.0000779
0.0000496
0.0000142
0.0001664
0.0001098
0.0000956
0.0000390
0.0000142
0.0001594
0.0000354
0.0000248
0.0000567
0.0000248
0.0000567
0.0000744
0.0000283
0.0000354
0.0001771
0.0001133
0.0001275
0.0000637
0.0000283
0.0000637
0.0000850
0.0000850
0.0001346
0.0000496
0.0000531
0.0000531
0.0000567
0.0000814
0.0000531
0.0000425
0.0000354
0.0000425
0.0000283
0.0000814
0.0000283
0.0000637
0.0000319
0.0000390
0.0000283
0.0000212
0.0000248
0.0000142
0.0001027
0.0000248
0.0001523
0.0001487
0.0001169
0.0000354
0.0000319
0.0001098
0.0001204
0.0000496
0.0001452
0.0000283
0.0000460
0.0000248
0.0001204
0.0001487
0.0000814
0.0000283
0.0000460
0.0000637
0.0000531
0.0000283
0.0000708
0.0000142
0.0000248
0.0000035
0.0001133
0.0000567
0.0000142
0.0000744
0.0000390
0.0000885
0.0000319
0.0000142
0.0000106
0.0000496
0.0000106
0.0000071
0.0000567
0.0000390
0.0000177
0.0001062
0.0000142
0.0000460
0.0000885
0.0000531
0.0000956
0.0000496
0.0000390
0.0000319
0.0000425
0.0000850
0.0000142
0.0001275
0.0000496
0.0000744
0.0000531
0.0000567
0.0000425
0.0000496
0.0001735
0.0000390
0.0000850
0.0000496
0.0000460
0.0000460
0.0000425
0.0000921
0.0000212
0.0000637
0.0000531
0.0000212
0.0000390
0.0000390
0.0000567
0.0001346
0.0000177
0.0001381
0.0000779
0.0000673
0.0000956
0.0000354
0.0000177
0.0000354
0.0000212
0.0000496
0.0000460
0.0000850
0.0000142
0.0000708
0.0000425
0.0000460
0.0000283
0.0000035
0.0001346
0.0000850
0.0000602
0.0001204
0.0000850
0.0001062
0.0000319
0.0001027
0.0000460
0.0000921
0.0000673
0.0000283
0.0000000
0.0000248
0.0000673
0.0000637
0.0001346
0.0000035
0.0000283
0.0000567
0.0000354
0.0000425
0.0000496
0.0000390
0.0000425
0.0000673
0.0001204
0.0001664
0.0000177
0.0000496
0.0000779
0.0000319
0.0000142
0.0000921
0.0000212
0.0000744
0.0000425
0.0000142
0.0000850
0.0000850
0.0000992
0.0000460
0.0000354
0.0000673
0.0001310
0.0000850
0.0001239
0.0000460
0.0000921
0.0001275
0.0000177
0.0000637
0.0000567
0.0000425
0.0000248
0.0000673
0.0000283
0.0000319
0.0000602
0.0001204
0.0000850
0.0000035
0.0000425
0.0000354
0.0000390
0.0000567
0.0000496
0.0000531
0.0000814
0.0000283
0.0000885
0.0000814
0.0000496
0.0000390
0.0000496
0.0000071
0.0000283
0.0000602
0.0000390
0.0000283
0.0000425
0.0000814
0.0000283
0.0000354
0.0000035
0.0000283
0.0000602
0.0000850
0.0000496
0.0000496
0.0000885
0.0000425
0.0000319
0.0000602
0.0000460
0.0000425
0.0000283
0.0000283
0.0000177
0.0000354
0.0000000
0.0000283
0.0000354
0.0000992
0.0000142
0.0000035
0.0001169
0.0000460
0.0000814
0.0000212
0.0000177
0.0000283
0.0000567
0.0000106
0.0000106
0.0001027
0.0000956
0.0000531
0.0000248
0.0000142
0.0000142
0.0000602
0.0000283
0.0000425
0.0000283
0.0000212
0.0000885
0.0001169
0.0001275
0.0000035
0.0000283
0.0000779
0.0000744
0.0000035
0.0000744
0.0000708
0.0000212
0.0000283
0.0001310
0.0000744
0.0000602
0.0000142
0.0000283
0.0000390
0.0000460
0.0000637
0.0000673
0.0000673
0.0000496
0.0000106
0.0000814
0.0000142
0.0000319
0.0001098
0.0000567
0.0000106
0.0000390
0.0000283
0.0000602
0.0000744
0.0000531
0.0000921
0.0000602
0.0000425
0.0000035
0.0000283
0.0000319
0.0000283
0.0000283
0.0001098
0.0000708
0.0000425
0.0000531
0.0001027
0.0000319
0.0001027
0.0001310
0.0000460
0.0000850
0.0000319
0.0001487
0.0000567
0.0000460
0.0000744
0.0000319
0.0000850
0.0000283
0.0000637
0.0001027
0.0000602
0.0000531
0.0000850
0.0000248
0.0000319
0.0000673
0.0000283
0.0001027
0.0000319
0.0000814
0.0000177
0.0000283
0.0000283
0.0000071
0.0000425
0.0000035
0.0000567
0.0000142
0.0000708
0.0000850
0.0000283
0.0000390
0.0000390
0.0000142
0.0001062
0.0000885
0.0000708
0.0000779
0.0000319
0.0000708
0.0000425
0.0000177
0.0000531
0.0000283
0.0001310
0.0000850
0.0000567
0.0000283
0.0000283
0.0000142
0.0000354
0.0000814
0.0000354
0.0000248
0.0000814
0.0000531
0.0000319
0.0000319
0.0000496
0.0000390
0.0001204
0.0000106
0.0000460
0.0000567
0.0000283
0.0000496
0.0000531
0.0000602
0.0000142
0.0001027
0.0000283
0.0000248
0.0000425
0.0000885
0.0000673
0.0000531
0.0000779
0.0000850
0.0000460
0.0001204
0.0000637
0.0001098
0.0000567
0.0000460
0.0000708
0.0000283
0.0000142
0.0000531
0.0000425
0.0001027
0.0000071
0.0000212
0.0000460
0.0000142
0.0000283
0.0000531
0.0000319
0.0001133
0.0000460
0.0000283
0.0000390
0.0000248
0.0000673
0.0000637
0.0000177
0.0000142
0.0000390
0.0000708
0.0000708
0.0000177
0.0000142
0.0000850
0.0000814
0.0000248
0.0001062
0.0000283
0.0000390
0.0000248
0.0000142
0.0000460
0.0000637
0.0000283
0.0000319
0.0000531
0.0000885
0.0000885
0.0000637
0.0000460
0.0000637
0.0000531
0.0000885
0.0000708
0.0000850
0.0000885
0.0000673
0.0000283
0.0000212
0.0000850
0.0000142
0.0000000
0.0000071
0.0000354
0.0000248
0.0000390
0.0001169
0.0001346
0.0000248
0.0001204
0.0000354
0.0001948
0.0001771
0.0000814
0.0000567
0.0000814
0.0000567
0.0000850
0.0001062
0.0000460
0.0001275
0.0000531
0.0000390
0.0000779
0.0000708
0.0000673
0.0000779
0.0000779
0.0001381
0.0000637
0.0000425
0.0000885
0.0000460
0.0000956
0.0000390
0.0000708
0.0000425
0.0000673
0.0000496
0.0001098
0.0000850
0.0000319
0.0000390
0.0000425
0.0000744
0.0000637
0.0000142
0.0000779
0.0000071
0.0000425
0.0000921
0.0000637
0.0000496
0.0000496
0.0000885
0.0000673
0.0000319
0.0000425
0.0001098
0.0000885
0.0000425
0.0001062
0.0000248
0.0000425
0.0000177
0.0000460
0.0000602
0.0000425
0.0000035
0.0000177
0.0000071
0.0000602
0.0000850
0.0000177
0.0000425
0.0000567
0.0000921
0.0000567
0.0000637
0.0000885
0.0000885
0.0000425
0.0000425
0.0000992
0.0000496
0.0001169
0.0000779
0.0000071
0.0000673
0.0000496
0.0000921
0.0000531
0.0000319
0.0000177
0.0000850
0.0000212
0.0000106
0.0000177
0.0000744
0.0000390
0.0000390
0.0000744
0.0000106
0.0000354
0.0000212
0.0000354
0.0000354
0.0000035
0.0000142
0.0000850
0.0000814
0.0000425
0.0000390
0.0000567
0.0000142
0.0000850
0.0000708
0.0000283
0.0000460
0.0000354
0.0000425
0.0000496
0.0000248
0.0000567
0.0000354
0.0001346
0.0000460
0.0000035
0.0000035
0.0000390
0.0000142
0.0000673
0.0000142
0.0000496
0.0000283
0.0000425
0.0000283
0.0000319
0.0000531
0.0000106
0.0000283
0.0000673
0.0000708
0.0000850
0.0000567
0.0000496
0.0000283
0.0000212
0.0000425
0.0000177
0.0000248
0.0000319
0.0000283
0.0000425
0.0000354
0.0000708
0.0000177
0.0000142
0.0000531
0.0000283
0.0000283
0.0000708
0.0000177
0.0000460
0.0000992
0.0000354
0.0000708
0.0000142
0.0000354
0.0000460
0.0000248
0.0000035
0.0000708
0.0000637
0.0000071
0.0000177
0.0000425
0.0000425
0.0000885
0.0000212
0.0001169
0.0000992
0.0000390
0.0000708
0.0000319
0.0000708
0.0000354
0.0001027
0.0000460
0.0000460
0.0000177
0.0000744
0.0000779
0.0000212
0.0000637
0.0000354
0.0000567
0.0000319
0.0000212
0.0000177
0.0000425
0.0000496
0.0000956
0.0000779
0.0000071
0.0000637
0.0000744
0.0000956
0.0000319
0.0000956
0.0000567
0.0001062
0.0000637
0.0000744
0.0000283
0.0000425
0.0000567
0.0000319
0.0000460
0.0000992
0.0001133
0.0000425
0.0000071
0.0000390
0.0000425
0.0000425
0.0001204
0.0000850
0.0000212
0.0000248
0.0000531
0.0000283
0.0000779
0.0000921
0.0001133
0.0000637
0.0000390
0.0000956
0.0000637
0.0000602
0.0000390
0.0000531
0.0000142
0.0000460
0.0000885
0.0000319
0.0000496
0.0000992
0.0000567
0.0000673
0.0000354
0.0000354
0.0000496
0.0000425
0.0000496
0.0000177
0.0000425
0.0000425
0.0000283
0.0000531
0.0000460
0.0000177
0.0001062
0.0000956
0.0000531
0.0000212
0.0000354
0.0000319
0.0000283
0.0000637
0.0000354
0.0000177
0.0000531
0.0000319
0.0000248
0.0000319
0.0000212
0.0000425
0.0000142
0.0000673
0.0000142
0.0000248
0.0000142
0.0000602
0.0000106
0.0000531
0.0000248
0.0000142
0.0000496
0.0000354
0.0000106
0.0000283
0.0000283
0.0000425
0.0000142
0.0000212
0.0000142
0.0000637
0.0000106
0.0000142
0.0000035
0.0000496
0.0000567
0.0000850
0.0000637
0.0000460
0.0000142
0.0000496
0.0000212
0.0000283
0.0000460
0.0000460
0.0000850
0.0000531
0.0000319
0.0000779
0.0000673
0.0000531
0.0000248
0.0000212
0.0000283
0.0000106
0.0000319
0.0000212
0.0000177
0.0000425
0.0000567
0.0000212
0.0000531
0.0000425
0.0000602
0.0000850
0.0000106
0.0000142
0.0000319
0.0000425
0.0000814
0.0000602
0.0000177
0.0000035
0.0000354
0.0000106
0.0000283
0.0000567
0.0000390
0.0000283
0.0000354
0.0000035
0.0000744
0.0000425
0.0000531
0.0000319
0.0000637
0.0000567
0.0001204
0.0000637
0.0000673
0.0000319
0.0000283
0.0000602
0.0000283
0.0000354
0.0000567
0.0001027
0.0000567
0.0000283
0.0000496
0.0000850
0.0000319
0.0000142
0.0000637
0.0000142
0.0000142
0.0000637
0.0000567
0.0000354
0.0000708
0.0000354
0.0000390
0.0000212
0.0000779
0.0000354
0.0000212
0.0000248
0.0000354
0.0000000
0.0000390
0.0000567
0.0000602
0.0000071
0.0000425
0.0000283
0.0000319
0.0000708
0.0000035
0.0000354
0.0000460
0.0000035
0.0000354
0.0000035
0.0000602
0.0000283
0.0000425
0.0000071
0.0000283
0.0000425
0.0000212
0.0000354
0.0000283
0.0000460
0.0000425
0.0000531
0.0000425
0.0000425
0.0000567
0.0000460
0.0000319
0.0000637
0.0000142
0.0000496
0.0000496
0.0000425
0.0000142
0.0000390
0.0000814
0.0000637
0.0000390
0.0000035
0.0000354
0.0000142
0.0000390
0.0000177
0.0000248
0.0000283
0.0000673
0.0001062
0.0000000
0.0000142
0.0000460
0.0000460
0.0000744
0.0000956
0.0000142
0.0000354
0.0000354
0.0000814
0.0000744
0.0000425
0.0000035
0.0000071
0.0000460
0.0000142
0.0000354
0.0000177
0.0000814
0.0000283
0.0000673
0.0000142
0.0000425
0.0000460
0.0000177
0.0001027
0.0000744
0.0000567
0.0000673
0.0000425
0.0000283
0.0000602
0.0000602
0.0000283
0.0000212
0.0000850
0.0000637
0.0000354
0.0000248
0.0000425
0.0000531
0.0000319
0.0000106
0.0000567
0.0000142
0.0000354
0.0000460
0.0000354
0.0000637
0.0000177
0.0000425
0.0000744
0.0000071
0.0000142
0.0000779
0.0000637
0.0000283
0.0000142
0.0000460
0.0000496
0.0000637
0.0000212
0.0000567
0.0001027
0.0000212
0.0000390
0.0001487
0.0000035
0.0000283
0.0000354
0.0000425
0.0000496
0.0000390
0.0000248
0.0000425
0.0000106
0.0000708
0.0000425
0.0000142
0.0000921
0.0000602
0.0000602
0.0000319
0.0000460
0.0000460
0.0000744
0.0000248
0.0000921
0.0000283
0.0000708
0.0000673
0.0000390
0.0000460
0.0000496
0.0000425
0.0000319
0.0000708
0.0000425
0.0000425
0.0000496
0.0000602
0.0000496
0.0000425
0.0000567
0.0000531
0.0000637
0.0000708
0.0000354
0.0000602
0.0000425
0.0000177
0.0000283
0.0000071
0.0000248
0.0000814
0.0000708
0.0000496
0.0000283
0.0000779
0.0000354
0.0000460
0.0000708
0.0000390
0.0000460
0.0000602
0.0000177
0.0000850
0.0000602
0.0000814
0.0000531
0.0000212
0.0000425
0.0000212
0.0000283
0.0000460
0.0000425
0.0000177
0.0000354
0.0000283
0.0000283
0.0000425
0.0000460
0.0000319
0.0000283
0.0000425
0.0000071
0.0000319
0.0000390
0.0000885
0.0000354
0.0000567
0.0000212
0.0000283
0.0000708
0.0000177
0.0000283
0.0000071
0.0000390
0.0000425
0.0000319
0.0000319
0.0000637
0.0000460
0.0000283
0.0000496
0.0000283
0.0000177
0.0000602
0.0000248
0.0000283
0.0000035
0.0000319
0.0000212
0.0001098
0.0000425
0.0000142
0.0000425
0.0000177
0.0000637
0.0000354
0.0000354
0.0000354
0.0000000
0.0000319
0.0000425
0.0000142
0.0000531
0.0000142
0.0000106
0.0000283
0.0000142
0.0000212
0.0000212
0.0000460
0.0000106
0.0000567
0.0000673
0.0000567
0.0000708
0.0000567
0.0000212
0.0000319
0.0000212
0.0000425
0.0000177
0.0000496
0.0000531
0.0000673
0.0000319
0.0000319
0.0000177
0.0000212
0.0000319
0.0000354
0.0000637
0.0000425
0.0000212
0.0000106
0.0000956
0.0000708
0.0000354
0.0000283
0.0000283
0.0000354
0.0000283
0.0000248
0.0000460
0.0000531
0.0000567
0.0000071
0.0000035
0.0000354
0.0000283
0.0000496
0.0000142
0.0000106
0.0000496
0.0000567
0.0000177
0.0000708
0.0000142
0.0000283
0.0000779
0.0000390
0.0000283
0.0000142
0.0000283
0.0000425
0.0000425
0.0000248
0.0000390
0.0000177
0.0000248
0.0000779
0.0000212
0.0000283
0.0000142
0.0000248
0.0000496
0.0000212
0.0000567
0.0000496
0.0000602
0.0000531
0.0000673
0.0000035
0.0000142
0.0000177
0.0000531
0.0000212
0.0000071
0.0000637
0.0000248
0.0000212
0.0000319
0.0000283
0.0000425
0.0000602
0.0000319
0.0000460
0.0000354
0.0000319
0.0000000
0.0000425
0.0000390
0.0000177
0.0000390
0.0000319
0.0000142
0.0000177
0.0000177
0.0000637
0.0000248
0.0000035
0.0000142
0.0000567
0.0000531
0.0000177
0.0000354
0.0000637
0.0000142
0.0000885
0.0000744
0.0000460
0.0000744
0.0000567
0.0000496
0.0000142
0.0000390
0.0000177
0.0000567
0.0000425
0.0000460
0.0000425
0.0000425
0.0000425
0.0000142
0.0000496
0.0000460
0.0000035
0.0000035
0.0000744
0.0000248
0.0000142
0.0000319
0.0000496
0.0000142
0.0000637
0.0000390
0.0000814
0.0000283
0.0000779
0.0000425
0.0000425
0.0000496
0.0000177
0.0000673
0.0000212
0.0000035
0.0000390
0.0000567
0.0000283
0.0000779
0.0000460
0.0000531
0.0000460
0.0000283
0.0000106
0.0000425
0.0000248
0.0000744
0.0000496
0.0000283
0.0000212
0.0000779
0.0000992
0.0000106
0.0000814
0.0000283
0.0000248
0.0000425
0.0000496
0.0000814
0.0000283
0.0000496
0.0000425
0.0000496
0.0000142
0.0000637
0.0000177
0.0000531
0.0000212
0.0000071
0.0000354
0.0000425
0.0000673
0.0000000
0.0000212
0.0000850
0.0000425
0.0000283
0.0000567
0.0000602
0.0000000
0.0000354
0.0000637
0.0000531
0.0000779
0.0000212
0.0000248
0.0000142
0.0000531
0.0000248
0.0000744
0.0000637
0.0000142
0.0000319
0.0000531
0.0000460
0.0000637
0.0000035
0.0000283
0.0000531
0.0000354
0.0000142
0.0000142
0.0000602
0.0000390
0.0000460
0.0000708
0.0000850
0.0000708
0.0000460
0.0001062
0.0000283
0.0000283
0.0000177
0.0000602
0.0000354
0.0000142
0.0000390
0.0000142
0.0000460
0.0000319
0.0000567
0.0000283
0.0001027
0.0000496
0.0000212
0.0000779
0.0000637
0.0000673
0.0000354
0.0000779
0.0000673
0.0000814
0.0000496
0.0000496
0.0000177
0.0000354
0.0000779
0.0000637
0.0000248
0.0000319
0.0000531
0.0000354
0.0000177
0.0000283
0.0000354
0.0000212
0.0000460
0.0000354
0.0000425
0.0000602
0.0000390
0.0000496
0.0000390
0.0000319
0.0000460
0.0000637
0.0000212
0.0000673
0.0000212
0.0000354
0.0000567
0.0000567
0.0000071
0.0000390
0.0000248
0.0000319
0.0000567
0.0000425
0.0000390
0.0000390
0.0000319
0.0000319
0.0000354
0.0000354
0.0000496
0.0000496
0.0000460
0.0000177
0.0000283
0.0000354
0.0000673
0.0000390
0.0000354
0.0000567
0.0000673
0.0000425
0.0000531
0.0000248
0.0000142
0.0000567
0.0000142
0.0000496
0.0000354
0.0000496
0.0000283
0.0000567
0.0000283
0.0000531
0.0000142
0.0000602
0.0000496
0.0000779
0.0000177
0.0000142
0.0000142
0.0000390
0.0000248
0.0000177
0.0000319
0.0000035
0.0000390
0.0000567
0.0000425
0.0000354
0.0000248
0.0000460
0.0000354
0.0000531
0.0000142
0.0000496
0.0000177
0.0000283
0.0000035
0.0000283
0.0000567
0.0000531
0.0000283
0.0000283
0.0000531
0.0000319
0.0000354
0.0000212
0.0000283
0.0000460
0.0000142
0.0000177
0.0000283
0.0000460
0.0000425
0.0000319
0.0000283
0.0000212
0.0000425
0.0000602
0.0000390
0.0000212
0.0000035
0.0000956
0.0000177
0.0000319
0.0000212
0.0000106
0.0000567
0.0000567
0.0000283
0.0000071
0.0000071
0.0000425
0.0000637
0.0000425
0.0000425
0.0000319
0.0000319
0.0000319
0.0000460
0.0000319
0.0000390
0.0000956
0.0000283
0.0000390
0.0000602
0.0000425
0.0000283
0.0000142
0.0000212
0.0000425
0.0000390
0.0000283
0.0000567
0.0000035
0.0000460
0.0000142
0.0000035
0.0000000
0.0000142
0.0000354
0.0000177
0.0000283
0.0000319
0.0000212
0.0000283
0.0000531
0.0000425
0.0000460
0.0000425
0.0000531
0.0000283
0.0000390
0.0000142
0.0000142
0.0000496
0.0000035
0.0000567
0.0000177
0.0000106
0.0000673
0.0000531
0.0000673
0.0000425
0.0000035
0.0000283
0.0000283
0.0000390
0.0000354
0.0000142
0.0000283
0.0000212
0.0000177
0.0000212
0.0000142
0.0000850
0.0000283
0.0000673
0.0000142
0.0000142
0.0000071
0.0000283
0.0000637
0.0000602
0.0000602
0.0000106
0.0000319
0.0000283
0.0000531
0.0000177
0.0000212
0.0000071
0.0000177
0.0000390
0.0000283
0.0000142
0.0000142
0.0000567
0.0000496
0.0000212
0.0000425
0.0000248
0.0000602
0.0000779
0.0000425
0.0000460
0.0000637
0.0000319
0.0000354
0.0000460
0.0000142
0.0000142
0.0000106
0.0000425
0.0000035
0.0000142
0.0000177
0.0000142
0.0000673
0.0000814
0.0000177
0.0000531
0.0000531
0.0000106
0.0000106
0.0000177
0.0000283
0.0000425
0.0000283
0.0000212
0.0000354
0.0000531
0.0000425
0.0000390
0.0000177
0.0000283
0.0000283
0.0000531
0.0000142
0.0000142
0.0000319
0.0000283
0.0000354
0.0000496
0.0000106
0.0000390
0.0000354
0.0000567
0.0000248
0.0000602
0.0000567
0.0000531
0.0000354
0.0000212
0.0000390
0.0000142
0.0000602
0.0000390
0.0000142
0.0000177
0.0000000
0.0000212
0.0000142
0.0000000
0.0000177
0.0000354
0.0000142
0.0000425
0.0000319
0.0000106
0.0000354
0.0000283
0.0000142
0.0000354
0.0000496
0.0000354
0.0000319
0.0000142
0.0000283
0.0000248
0.0000531
0.0000425
0.0000142
0.0000567
0.0000425
0.0000071
0.0000850
0.0000035
0.0000142
0.0000425
0.0000212
0.0000071
0.0000531
0.0000496
0.0000354
0.0000000
0.0000177
0.0000637
0.0000708
0.0000814
0.0000496
0.0000673
0.0000212
0.0000177
0.0000106
0.0000319
0.0000531
0.0000248
0.0000177
0.0000142
0.0000637
0.0000425
0.0000212
0.0000177
0.0000567
0.0000425
0.0000354
0.0000283
0.0000567
0.0000283
0.0000460
0.0000744
0.0000425
0.0000283
0.0000283
0.0000460
0.0000531
0.0000425
0.0000567
0.0000531
0.0000602
0.0000496
0.0000390
0.0000425
0.0000319
0.0000567
0.0000354
0.0000248
0.0000283
0.0000071
0.0000567
0.0000142
0.0000531
0.0000354
0.0000142
0.0000248
0.0000212
0.0000531
0.0000142
0.0000248
0.0000354
0.0000885
0.0000177
0.0000283
0.0000212
0.0000425
0.0000425
0.0000142
0.0000248
0.0000319
0.0000354
0.0000496
0.0000283
0.0000283
0.0000248
0.0000390
0.0000283
0.0000212
0.0000248
0.0000035
0.0000567
0.0000283
0.0000425
0.0000283
0.0000142
0.0000283
0.0000354
0.0000142
0.0000212
0.0000425
0.0000354
0.0000425
0.0000248
0.0000283
0.0000035
0.0000425
0.0000567
0.0000283
0.0000425
0.0000460
0.0000142
0.0000035
0.0000283
0.0000460
0.0000142
0.0000460
0.0000496
0.0000567
0.0000425
0.0000496
0.0000142
0.0000142
0.0000496
0.0000319
0.0000283
0.0000425
0.0000496
0.0000000
0.0000142
0.0000567
0.0000531
0.0000319
0.0000850
0.0000496
0.0000212
0.0000212
0.0000319
0.0000460
0.0000212
0.0000177
0.0000142
0.0000531
0.0000177
0.0000248
0.0000142
0.0000425
0.0000319
0.0000567
0.0000106
0.0000744
0.0000531
0.0000071
0.0000106
0.0000283
0.0000142
0.0000071
0.0000283
0.0000637
0.0000319
0.0000425
0.0000283
0.0000390
0.0000177
0.0000425
0.0000354
0.0000673
0.0000425
0.0000425
0.0000142
0.0000744
0.0000283
0.0000567
0.0000212
0.0000567
0.0000390
0.0000106
0.0000531
0.0000248
0.0000106
0.0000460
0.0000177
0.0000496
0.0000354
0.0000354
0.0000319
0.0000460
0.0000177
0.0000390
0.0000035
0.0000248
0.0000319
0.0000531
0.0000850
0.0000531
0.0000673
0.0000390
0.0000496
0.0000390
0.0000035
0.0000460
0.0000212
0.0000071
0.0000354
0.0000283
0.0000531
0.0000531
0.0000567
0.0000602
0.0000637
0.0000142
0.0000708
0.0000531
0.0000496
0.0000460
0.0000425
0.0000319
0.0000212
0.0000106
0.0000496
0.0000425
0.0000354
0.0000496
0.0000142
0.0000177
0.0000212
0.0000142
0.0000283
0.0000319
0.0000708
0.0000779
0.0000814
0.0000354
0.0000460
0.0000212
0.0000496
0.0000390
0.0000319
0.0000496
0.0000425
0.0000531
0.0000425
0.0000460
0.0000779
0.0000567
0.0000602
0.0000177
0.0000142
0.0000425
0.0000319
0.0000283
0.0000248
0.0000390
0.0000567
0.0000460
0.0000248
0.0000283
0.0000390
0.0000602
0.0000956
0.0000354
0.0000567
0.0000531
0.0000567
0.0000814
0.0000425
0.0000531
0.0000177
0.0000637
0.0000177
0.0000142
0.0000425
0.0000283
0.0000319
0.0000425
0.0000744
0.0000248
0.0000460
0.0000390
0.0000531
0.0000283
0.0000496
0.0000354
0.0000460
0.0000283
0.0000142
0.0000354
0.0000177
0.0000460
0.0000390
0.0000283
0.0000460
0.0000425
0.0000212
0.0000142
0.0000602
0.0000460
0.0000319
0.0000354
0.0000319
0.0000460
0.0000212
0.0000673
0.0000035
0.0000637
0.0000637
0.0000425
0.0000567
0.0000637
0.0000531
0.0000248
0.0000531
0.0000850
0.0000212
0.0000035
0.0000248
0.0000283
0.0000354
0.0000460
0.0000460
0.0000106
0.0000283
0.0000460
0.0000354
0.0000283
0.0000319
0.0000602
0.0000602
0.0000425
0.0000531
0.0000319
0.0000283
0.0000354
0.0000425
0.0000142
0.0000319
0.0000460
0.0000354
0.0000212
0.0000354
0.0000531
0.0000390
0.0000390
0.0000390
0.0000283
0.0000283
0.0000354
0.0000106
0.0000283
0.0000319
0.0000567
0.0000425
0.0000425
0.0000283
0.0000283
0.0000248
0.0000106
0.0000212
0.0000673
0.0000319
0.0000283
0.0000354
0.0000283
0.0000142
0.0000283
0.0000496
0.0000248
0.0000496
0.0000283
0.0000319
0.0000248
0.0000567
0.0000177
0.0000425
0.0000460
0.0000212
0.0000602
0.0000319
0.0000212
0.0000212
0.0000425
0.0000425
0.0000460
0.0000212
0.0000000
0.0000106
0.0000390
0.0000567
0.0000460
0.0000283
0.0000142
0.0000000
0.0000425
0.0000425
0.0000390
0.0000390
0.0000637
0.0000354
0.0000212
0.0000283
0.0000035
0.0000460
0.0000212
0.0000319
0.0000354
0.0000531
0.0000425
0.0000319
0.0000567
0.0000106
0.0000283
0.0000283
0.0000425
0.0000142
0.0000425
0.0000319
0.0000496
0.0000142
0.0000000
0.0000142
0.0000390
0.0000354
0.0000212
0.0000496
0.0000496
0.0000142
0.0000142
0.0000106
0.0000319
0.0000177
0.0000177
0.0000106
0.0000177
0.0000142
0.0000248
0.0000142
0.0000142
0.0000142
0.0000248
0.0000319
0.0000177
0.0000354
0.0000248
0.0000248
0.0000425
0.0000177
0.0000177
0.0000142
0.0000283
0.0000248
0.0000142
0.0000248
0.0000425
0.0000425
0.0000142
0.0000354
0.0000390
0.0000319
0.0000142
0.0000142
0.0000637
0.0000106
0.0000071
0.0000283
0.0000744
0.0000142
0.0000177
0.0000177
0.0000142
0.0000142
0.0000142
0.0000142
0.0000319
0.0000567
0.0000071
0.0000283
0.0000248
0.0000035
0.0000283
0.0000035
0.0000142
0.0000142
0.0000248
0.0000319
0.0000354
0.0000248
0.0000248
0.0000177
0.0000460
0.0000354
0.0000142
0.0000142
0.0000035
0.0000319
0.0000425
0.0000283
0.0000248
0.0000425
0.0000283
0.0000142
0.0000319
0.0000425
0.0000248
0.0000319
0.0000708
0.0000177
0.0000142
0.0000283
0.0000000
0.0000071
0.0000212
0.0000177
0.0000283
0.0000142
0.0000035
0.0000283
0.0000425
0.0000000
0.0000106
0.0000071
0.0000390
0.0000248
0.0000283
0.0000283
0.0000354
0.0000496
0.0000212
0.0000354
0.0000212
0.0000390
0.0000496
0.0000142
0.0000283
0.0000248
0.0000283
0.0000106
0.0000177
0.0000035
0.0000035
0.0000319
0.0000142
0.0000283
0.0000142
0.0000354
0.0000283
0.0000106
0.0000177
0.0000390
0.0000390
0.0000212
0.0000319
0.0000354
0.0000567
0.0000425
0.0000354
0.0000319
0.0000354
0.0000212
0.0000319
0.0000390
0.0000142
0.0000248
0.0000177
0.0000106
0.0000390
0.0000212
0.0000319
0.0000425
0.0000319
0.0000319
0.0000354
0.0000319
0.0000460
0.0000177
0.0000035
0.0000496
0.0000354
0.0000106
0.0000319
0.0000212
0.0000531
0.0000212
0.0000354
0.0000177
0.0000212
0.0000390
0.0000283
0.0000106
0.0000071
0.0000106
0.0000106
0.0000212
0.0000177
0.0000035
0.0000460
0.0000319
0.0000283
0.0000248
0.0000319
0.0000602
0.0000212
0.0000035
0.0000319
0.0000354
0.0000142
0.0000425
0.0000283
0.0000567
0.0000354
0.0000142
0.0000354
0.0000142
0.0000567
0.0000248
0.0000390
0.0000000
0.0000496
0.0000142
0.0000460
0.0000283
0.0000390
0.0000354
0.0000000
0.0000354
0.0000319
0.0000531
0.0000496
0.0000425
0.0000319
0.0000142
0.0000212
0.0000035
0.0000106
0.0000283
0.0000142
0.0000354
0.0000106
0.0000354
0.0000106
0.0000106
0.0000248
0.0000142
0.0000283
0.0000460
0.0000248
0.0000319
0.0000319
0.0000283
0.0000212
0.0000283
0.0000708
0.0000425
0.0000142
0.0000496
0.0000212
0.0000106
0.0000283
0.0000425
0.0000319
0.0000035
0.0000142
0.0000071
0.0000283
0.0000106
0.0000142
0.0000425
0.0000142
0.0000142
0.0000460
0.0000212
0.0000319
0.0000283
0.0000673
0.0000319
0.0000212
0.0000071
0.0000283
0.0000283
0.0000142
0.0000283
0.0000283
0.0000142
0.0000142
0.0000283
0.0000354
0.0000425
0.0000071
0.0000354
0.0000212
0.0000319
0.0000390
0.0000319
0.0000425
0.0000142
0.0000390
0.0000637
0.0000354
0.0000177
0.0000354
0.0000177
0.0000531
0.0000177
0.0000319
0.0000142
0.0000248
0.0000354
0.0000354
0.0000248
0.0000177
0.0000354
0.0000177
0.0000496
0.0000212
0.0000142
0.0000142
0.0000319
0.0000177
0.0000248
0.0000142
0.0000142
0.0000035
0.0000390
0.0000354
0.0000177
0.0000248
0.0000142
0.0000673
0.0000142
0.0000248
0.0000602
0.0000283
0.0000283
0.0000142
0.0000248
0.0000319
0.0000106
0.0000425
0.0000460
0.0000212
0.0000283
0.0000496
0.0000567
0.0000106
0.0000283
0.0000319
0.0000354
0.0000319
0.0000283
0.0000212
0.0000212
0.0000035
0.0000071
0.0000212
0.0000177
0.0000283
0.0000354
0.0000354
0.0000106
0.0000212
0.0000390
0.0000177
0.0000142
0.0000283
0.0000637
0.0000212
0.0000142
0.0000319
0.0000035
0.0000142
0.0000390
0.0000177
0.0000106
0.0000142
0.0000142
0.0000212
0.0000425
0.0000425
0.0000212
0.0000177
0.0000283
0.0000425
0.0000248
0.0000000
0.0000071
0.0000283
0.0000212
0.0000390
0.0000283
0.0000354
0.0000425
0.0000496
0.0000319
0.0000248
0.0000212
0.0000283
0.0000071
0.0000177
0.0000354
0.0000283
0.0000177
0.0000319
0.0000212
0.0000071
0.0000212
0.0000106
0.0000248
0.0000106
0.0000248
0.0000283
0.0000673
0.0000035
0.0000177
0.0000283
0.0000071
0.0000567
0.0000425
0.0000425
0.0000531
0.0000283
0.0000283
0.0000283
0.0000390
0.0000425
0.0000248
0.0000319
0.0000000
0.0000071
0.0000390
0.0000177
0.0000425
0.0000142
0.0000637
0.0000567
0.0000283
0.0000071
0.0000142
0.0000425
0.0000212
0.0000142
0.0000425
0.0000531
0.0000142
0.0000283
0.0000071
0.0000142
0.0000142
0.0000460
0.0000106
0.0000283
0.0000071
0.0000390
0.0000531
0.0000248
0.0000354
0.0000567
0.0000212
0.0000177
0.0000425
0.0000425
0.0000390
0.0000106
0.0000425
0.0000283
0.0000283
0.0000425
0.0000000
0.0000354
0.0000212
0.0000283
0.0000496
0.0000283
0.0000071
0.0000248
0.0000248
0.0000000
0.0000425
0.0000531
0.0000142
0.0000283
0.0000035
0.0000283
0.0000071
0.0000460
0.0000567
0.0000319
0.0000000
0.0000106
0.0000637
0.0000248
0.0000248
0.0000212
0.0000567
0.0000283
0.0000390
0.0000283
0.0000142
0.0000248
0.0000142
0.0000177
0.0000071
0.0000283
0.0000035
0.0000354
0.0000390
0.0000142
0.0000071
0.0000142
0.0000354
0.0000283
0.0000354
0.0000319
0.0000319
0.0000071
0.0000212
0.0000177
0.0000142
0.0000106
0.0000390
0.0000142
0.0000425
0.0000212
0.0000142
0.0000142
0.0000354
0.0000319
0.0000248
0.0000283
0.0000142
0.0000177
0.0000248
0.0000248
0.0000390
0.0000319
0.0000354
0.0000390
0.0000460
0.0000177
0.0000035
0.0000354
0.0000142
0.0000602
0.0000283
0.0000283
0.0000212
0.0000000
0.0000496
0.0000283
0.0000248
0.0000283
0.0000496
0.0000460
0.0000177
0.0000177
0.0000248
0.0000319
0.0000212
0.0000212
0.0000212
0.0000354
0.0000390
0.0000283
0.0000354
0.0000071
0.0000106
0.0000354
0.0000283
0.0000319
0.0000283
0.0000212
0.0000354
0.0000283
0.0000177
0.0000283
0.0000567
0.0000425
0.0000673
0.0000035
0.0000071
0.0000283
0.0000248
0.0000106
0.0000425
0.0000602
0.0000212
0.0000496
0.0000177
0.0000460
0.0000496
0.0000177
0.0000425
0.0000283
0.0000567
0.0000142
0.0000425
0.0000425
0.0000177
0.0000071
0.0000212
0.0000460
0.0000000
0.0000425
0.0000035
0.0000283
0.0000354
0.0000283
0.0000460
0.0000319
0.0000106
0.0000602
0.0000071
0.0000071
0.0000248
0.0000142
0.0000283
0.0000212
0.0000142
0.0000212
0.0000106
0.0000071
0.0000177
0.0000354
0.0000212
0.0000071
0.0000248
0.0000177
0.0000142
0.0000142
0.0000425
0.0000390
0.0000354
0.0000496
0.0000142
0.0000390
0.0000248
0.0000354
0.0000283
0.0000142
0.0000460
0.0000035
0.0000142
0.0000283
0.0000035
0.0000283
0.0000142
0.0000177
0.0000248
0.0000319
0.0000177
0.0000248
0.0000212
0.0000142
0.0000000
0.0000212
0.0000283
0.0000354
0.0000319
0.0000142
0.0000035
0.0000496
0.0000354
0.0000106
0.0000779
0.0000177
0.0000142
0.0000142
0.0000212
0.0000212
0.0000212
0.0000531
0.0000212
0.0000212
0.0000177
0.0000248
0.0000283
0.0000496
0.0000177
0.0000425
0.0000142
0.0000319
0.0000248
0.0000637
0.0000460
0.0000212
0.0000035
0.0000106
0.0000425
0.0000035
0.0000283
0.0000177
0.0000390
0.0000283
0.0000708
0.0000212
0.0000283
0.0000283
0.0000142
0.0000283
0.0000567
0.0000283
0.0000425
0.0000283
0.0000283
0.0000177
0.0000354
0.0000142
0.0000390
0.0000142
0.0000248
0.0000921
0.0000496
0.0000531
0.0000248
0.0000354
0.0000425
0.0000319
0.0000283
0.0000177
0.0000283
0.0000212
0.0000354
0.0000567
0.0000354
0.0000673
0.0000460
0.0000531
0.0000496
0.0000319
0.0000283
0.0000248
0.0000248
0.0000496
0.0000390
0.0000283
0.0000283
0.0000248
0.0000390
0.0000319
0.0000283
0.0000567
0.0000319
0.0000142
0.0000283
0.0000460
0.0000248
0.0000390
0.0000283
0.0000142
0.0000460
0.0000248
0.0000319
0.0000248
0.0000354
0.0000212
0.0000248
0.0000142
0.0000142
0.0000142
0.0000425
0.0000248
0.0000212
0.0000283
0.0000142
0.0000142
0.0000390
0.0000142
0.0000496
0.0000142
0.0000460
0.0000177
0.0000531
0.0000177
0.0000425
0.0000283
0.0000390
0.0000000
0.0001098
0.0000248
0.0000319
0.0000283
0.0000354
0.0000354
0.0000071
0.0000283
0.0000390
0.0000425
0.0000177
0.0000319
0.0000177
0.0000212
0.0000496
0.0000248
0.0000177
0.0000212
0.0000425
0.0000319
0.0000142
0.0000142
0.0000142
0.0000142
0.0000248
0.0000283
0.0000212
0.0000283
0.0000212
0.0000708
0.0000531
0.0000248
0.0000460
0.0000283
0.0000567
0.0000248
0.0000390
0.0000319
0.0000460
0.0000142
0.0000212
0.0000142
0.0000248
0.0000425
0.0000425
0.0000354
0.0000212
0.0000390
0.0000142
0.0000390
0.0000212
0.0000425
0.0000212
0.0000177
0.0000283
0.0000283
0.0000142
0.0000212
0.0000283
0.0000142
0.0000390
0.0000177
0.0000212
0.0000354
0.0000142
0.0000142
0.0000142
0.0000142
0.0000142
0.0000142
0.0000673
0.0000283
0.0000248
0.0000071
0.0000248
0.0000390
0.0000354
0.0000142
0.0000142
0.0000142
0.0000319
0.0000354
0.0000283
0.0000425
0.0000425
0.0000142
0.0000425
0.0000248
0.0000637
0.0000567
0.0000212
0.0000354
0.0000283
0.0000212
0.0000354
0.0000283
0.0000460
0.0000390
0.0000248
0.0000319
0.0000319
0.0000283
0.0000354
0.0000248
0.0000248
0.0000142
0.0000248
0.0000142
0.0000390
0.0000531
0.0000425
0.0000142
0.0000248
0.0000425
0.0000142
0.0000460
0.0000460
0.0000390
0.0000212
0.0000283
0.0000567
0.0000212
0.0000106
0.0000142
0.0000283
0.0000319
0.0000177
0.0000142
0.0000354
0.0000248
0.0000142
0.0000248
0.0000248
0.0000460
0.0000319
0.0000425
0.0000354
0.0000142
0.0000248
0.0000354
0.0000177
0.0000354
0.0000142
0.0000354
0.0000177
0.0000319
0.0000354
0.0000177
0.0000142
0.0000142
0.0000035
0.0000248
0.0000283
0.0000319
0.0000283
0.0000390
0.0000460
0.0000142
0.0000283
0.0000319
0.0000354
0.0000319
0.0000071
0.0000496
0.0000212
0.0000142
0.0000248
0.0000142
0.0000071
0.0000035
0.0000142
0.0000142
0.0000673
0.0000142
0.0000319
0.0000177
0.0000460
0.0000425
0.0000354
0.0000283
0.0000390
0.0000142
0.0000212
0.0000390
0.0000177
0.0000354
0.0000354
0.0000390
0.0000177
0.0000425
0.0000177
0.0000142
0.0000425
0.0000460
0.0000142
0.0000142
0.0000283
0.0000319
0.0000319
0.0000283
0.0000035
0.0000319
0.0000531
0.0000035
0.0000035
0.0000071
0.0000354
0.0000567
0.0000460
0.0000319
0.0000425
0.0000212
0.0000283
0.0000177
0.0000425
0.0000425
0.0000283
0.0000319
0.0000142
0.0000177
0.0000212
0.0000142
0.0000142
0.0000531
0.0000390
0.0000283
0.0000142
0.0000248
0.0000354
0.0000319
0.0000354
0.0000142
0.0000142
0.0000142
0.0000567
0.0000248
0.0000212
0.0000283
0.0000212
0.0000177
0.0000177
0.0000142
0.0000035
0.0000425
0.0000106
0.0000319
0.0000142
0.0000283
0.0000283
0.0000283
0.0000142
0.0000035
0.0000071
0.0000142
0.0000071
0.0000212
0.0000283
0.0000460
0.0000248
0.0000248
0.0000142
0.0000283
0.0000283
0.0000283
0.0000071
0.0000071
0.0000212
0.0000390
0.0000283
0.0000283
0.0000142
0.0000283
0.0000390
0.0000142
0.0000354
0.0000248
0.0000248
0.0000035
0.0000106
0.0000106
0.0000212
0.0000567
0.0000283
0.0000177
0.0000177
0.0000283
0.0000212
0.0000283
0.0000496
0.0000248
0.0000212
0.0000142
0.0000248
0.0000071
0.0000283
0.0000035
0.0000177
0.0000283
0.0000142
0.0000248
0.0000035
0.0000142
0.0000071
0.0000531
0.0000283
0.0000319
0.0000319
0.0000212
0.0000248
0.0000177
0.0000319
0.0000283
0.0000035
0.0000212
0.0000283
0.0000177
0.0000212
0.0000283
0.0000425
0.0000248
0.0000106
0.0000071
0.0000283
0.0000283
0.0000248
0.0000142
0.0000142
0.0000425
0.0000106
0.0000106
0.0000212
0.0000248
0.0000390
0.0000142
0.0000071
0.0000212
0.0000142
0.0000000
0.0000142
0.0000000
0.0000673
0.0000177
0.0000106
0.0000248
0.0000071
0.0000142
0.0000177
0.0000177
0.0000212
0.0000248
0.0000177
0.0000142
0.0000602
0.0000248
0.0000071
0.0000071
0.0000071
0.0000177
0.0000283
0.0000000
0.0000071
0.0000212
0.0000177
0.0000106
0.0000177
0.0000460
0.0000142
0.0000106
0.0000319
0.0000354
0.0000071
0.0000071
0.0000177
0.0000106
0.0000071
0.0000035
0.0000142
0.0000035
0.0000142
0.0000177
0.0000425
0.0000283
0.0000071
0.0000106
0.0000142
0.0000354
0.0000071
0.0000142
0.0000177
0.0000212
0.0000142
0.0000177
0.0000248
0.0000142
0.0000106
0.0000425
0.0000283
0.0000142
0.0000319
0.0000071
0.0000177
0.0000390
0.0000248
0.0000142
0.0000000
0.0000142
0.0000177
0.0000248
0.0000142
0.0000283
0.0000177
0.0000212
0.0000319
0.0000177
0.0000425
0.0000035
0.0000283
0.0000142
0.0000283
0.0000319
0.0000000
0.0000177
0.0000283
0.0000142
0.0000106
0.0000354
0.0000106
0.0000248
0.0000212
0.0000035
0.0000283
0.0000283
0.0000142
0.0000142
0.0000248
0.0000142
0.0000283
0.0000212
0.0000425
0.0000000
0.0000000
0.0000354
0.0000177
0.0000035
0.0000212
0.0000071
0.0000319
0.0000283
0.0000248
0.0000071
0.0000071
0.0000283
0.0000212
0.0000567
0.0000142
0.0000106
0.0000142
0.0000212
0.0000212
0.0000142
0.0000212
0.0000142
0.0000177
0.0000283
0.0000071
0.0000248
0.0000142
0.0000319
0.0000354
0.0000177
0.0000142
0.0000035
0.0000425
0.0000142
0.0000283
0.0000283
0.0000142
0.0000425
0.0000071
0.0000283
0.0000106
0.0000071
0.0000177
0.0000071
0.0000142
0.0000106
0.0000283
0.0000283
0.0000248
0.0000248
0.0000248
0.0000177
0.0000212
0.0000142
0.0000283
0.0000390
0.0000212
0.0000142
0.0000283
0.0000248
0.0000177
0.0000283
0.0000354
0.0000071
0.0000035
0.0000071
0.0000035
0.0000319
0.0000000
0.0000000
0.0000106
0.0000106
0.0000035
0.0000071
0.0000425
0.0000212
0.0000142
0.0000283
0.0000142
0.0000071
0.0000425
0.0000425
0.0000035
0.0000283
0.0000283
0.0000177
0.0000425
0.0000071
0.0000177
0.0000177
0.0000142
0.0000283
0.0000142
0.0000142
0.0000390
0.0000319
0.0000177
0.0000567
0.0000142
0.0000035
0.0000142
0.0000000
0.0000425
0.0000142
0.0000354
0.0000142
0.0000142
0.0000319
0.0000142
0.0000142
0.0000035
0.0000142
0.0000000
0.0000425
0.0000071
0.0000212
0.0000460
0.0000035
0.0000106
0.0000071
0.0000248
0.0000212
0.0000142
0.0000142
0.0000212
0.0000319
0.0000142
0.0000177
0.0000390
0.0000212
0.0000142
0.0000283
0.0000142
0.0000142
0.0000142
0.0000142
0.0000142
0.0000106
0.0000000
0.0000035
0.0000071
0.0000212
0.0000319
0.0000000
0.0000212
0.0000390
0.0000354
0.0000142
0.0000142
0.0000142
0.0000106
0.0000142
0.0000283
0.0000106
0.0000142
0.0000071
0.0000035
0.0000142
0.0000142
0.0000354
0.0000319
0.0000283
0.0000212
0.0000177
0.0000248
0.0000212
0.0000425
0.0000177
0.0000425
0.0000142
0.0000177
0.0000071
0.0000106
0.0000212
0.0000390
0.0000142
0.0000177
0.0000142
0.0000283
0.0000035
0.0000035
0.0000283
0.0000390
0.0000212
0.0000177
0.0000142
0.0000142
0.0000177
0.0000071
0.0000283
0.0000283
0.0000567
0.0000248
0.0000283
0.0000283
0.0000177
0.0000071
0.0000177
0.0000425
0.0000071
0.0000142
0.0000177
0.0000071
0.0000248
0.0000177
0.0000035
0.0000106
0.0000071
0.0000142
0.0000071
0.0000142
0.0000071
0.0000425
0.0000283
0.0000142
0.0000248
0.0000319
0.0000035
0.0000212
0.0000142
0.0000248
0.0000071
0.0000319
0.0000177
0.0000142
0.0000177
0.0000142
0.0000212
0.0000142
0.0000319
0.0000142
0.0000106
0.0000354
0.0000283
0.0000283
0.0000212
0.0000248
0.0000212
0.0000283
0.0000142
0.0000035
0.0000283
0.0000142
0.0000000
0.0000106
0.0000142
0.0000248
0.0000319
0.0000354
0.0000460
0.0000035
0.0000177
0.0000425
0.0000212
0.0000212
0.0000177
0.0000071
0.0000035
0.0000071
0.0000106
0.0000354
0.0000071
0.0000106
0.0000142
0.0000283
0.0000142
0.0000425
0.0000071
0.0000319
0.0000212
0.0000071
0.0000035
0.0000177
0.0000177
0.0000283
0.0000460
0.0000071
0.0000000
0.0000283
0.0000283
0.0000106
0.0000319
0.0000071
0.0000071
0.0000177
0.0000106
0.0000212
0.0000142
0.0000142
0.0000354
0.0000142
0.0000142
0.0000212
0.0000390
0.0000142
0.0000390
0.0000354
0.0000106
0.0000177
0.0000071
0.0000177
0.0000071
0.0000142
0.0000142
0.0000142
0.0000283
0.0000142
0.0000283
0.0000283
0.0000142
0.0000177
0.0000354
0.0000390
0.0000142
0.0000212
0.0000212
0.0000071
0.0000142
0.0000212
0.0000000
0.0000071
0.0000248
0.0000071
0.0000390
0.0000142
0.0000142
0.0000390
0.0000319
0.0000283
0.0000283
0.0000071
0.0000177
0.0000035
0.0000390
0.0000177
0.0000212
0.0000177
0.0000142
0.0000071
0.0000248
0.0000212
0.0000212
0.0000177
0.0000000
0.0000283
0.0000212
0.0000283
0.0000212
0.0000283
0.0000319
0.0000283
0.0000177
0.0000283
0.0000212
0.0000035
0.0000071
0.0000035
0.0000142
0.0000496
0.0000106
0.0000425
0.0000212
0.0000177
0.0000142
0.0000319
0.0000425
0.0000142
0.0000000
0.0000354
0.0000390
0.0000354
0.0000071
0.0000283
0.0000142
0.0000283
0.0000283
0.0000035
0.0000071
0.0000177
0.0000071
0.0000035
0.0000142
0.0000283
0.0000177
0.0000142
0.0000142
0.0000354
0.0000142
0.0000035
0.0000248
0.0000248
0.0000142
0.0000177
0.0000354
0.0000248
0.0000283
0.0000212
0.0000071
0.0000319
0.0000177
0.0000142
0.0000283
0.0000071
0.0000071
0.0000142
0.0000142
0.0000142
0.0000283
0.0000354
0.0000212
0.0000071
0.0000071
0.0000035
0.0000035
0.0000071
0.0000142
0.0000071
0.0000035
0.0000212
0.0000283
0.0000035
0.0000425
0.0000177
0.0000248
0.0000035
0.0000283
0.0000283
0.0000142
0.0000035
0.0000106
0.0000177
0.0000283
0.0000177
0.0000035
0.0000106
0.0000390
0.0000283
0.0000460
0.0000283
0.0000000
0.0000248
0.0000177
0.0000212
0.0000142
0.0000425
0.0000177
0.0000142
0.0000425
0.0000177
0.0000142
0.0000283
0.0000496
0.0000283
0.0000142
0.0000212
0.0000390
0.0000283
0.0000283
0.0000142
0.0000212
0.0000283
0.0000248
0.0000248
0.0000283
0.0000354
0.0000142
0.0000496
0.0000071
0.0000283
0.0000319
0.0000142
0.0000142
0.0000142
0.0000212
0.0000177
0.0000248
0.0000460
0.0000177
0.0000390
0.0000071
0.0000425
0.0000177
0.0000142
0.0000283
0.0000319
0.0000212
0.0000283
0.0000142
0.0000248
0.0000212
0.0000354
0.0000142
0.0000248
0.0000283
0.0000142
0.0000319
0.0000425
0.0000425
0.0000071
0.0000035
0.0000035
0.0000106
0.0000035
0.0000248
0.0000212
0.0000177
0.0000142
0.0000425
0.0000212
0.0000212
0.0000177
0.0000035
0.0000212
0.0000425
0.0000071
0.0000354
0.0000319
0.0000000
0.0000354
0.0000283
0.0000035
0.0000248
0.0000071
0.0000142
0.0000142
0.0000248
0.0000035
0.0000248
0.0000106
0.0000071
0.0000319
0.0000106
0.0000035
0.0000531
0.0000425
0.0000071
0.0000142
0.0000035
0.0000106
0.0000071
0.0000248
0.0000142
0.0000071
0.0000142
0.0000035
0.0000390
0.0000319
0.0000248
0.0000142
0.0000177
0.0000212
0.0000142
0.0000071
0.0000142
0.0000142
0.0000035
0.0000283
0.0000071
0.0000106
0.0000071
0.0000390
0.0000212
0.0000460
0.0000425
0.0000460
0.0000283
0.0000035
0.0000071
0.0000319
0.0000283
0.0000142
0.0000142
0.0000496
0.0000142
0.0000177
0.0000142
0.0000142
0.0000177
0.0000142
0.0000248
0.0000567
0.0000390
0.0000390
0.0000142
0.0000035
0.0000106
0.0000177
0.0000071
0.0000248
0.0000142
0.0000142
0.0000035
0.0000212
0.0000531
0.0000035
0.0000071
0.0000142
0.0000142
0.0000106
0.0000177
0.0000035
0.0000142
0.0000460
0.0000142
0.0000000
0.0000212
0.0000106
0.0000071
0.0000177
0.0000319
0.0000354
0.0000319
0.0000071
0.0000425
0.0000071
0.0000425
0.0000212
0.0000283
0.0000142
0.0000142
0.0000248
0.0000319
0.0000248
0.0000035
0.0000142
0.0000354
0.0000212
0.0000177
0.0000142
0.0000248
0.0000106
0.0000142
0.0000142
0.0000035
0.0000177
0.0000283
0.0000071
0.0000212
0.0000142
0.0000354
0.0000354
0.0000248
0.0000248
0.0000177
0.0000035
0.0000071
0.0000000
0.0000035
0.0000035
0.0000212
0.0000177
0.0000283
0.0000283
0.0000035
0.0000319
0.0000142
0.0000212
0.0000142
0.0000035
0.0000177
0.0000283
0.0000106
0.0000283
0.0000177
0.0000354
0.0000177
0.0000071
0.0000177
0.0000248
0.0000390
0.0000071
0.0000142
0.0000567
0.0000319
0.0000177
0.0000177
0.0000142
0.0000071
0.0000212
0.0000177
0.0000814
0.0000106
0.0000142
0.0000035
0.0000035
0.0000248
0.0000071
0.0000248
0.0000106
0.0000071
0.0000071
0.0000071
0.0000177
0.0000142
0.0000283
0.0000354
0.0000177
0.0000035
0.0000106
0.0000177
0.0000460
0.0000390
0.0000142
0.0000142
0.0000283
0.0000177
0.0000177
0.0000142
0.0000212
0.0000177
0.0000106
0.0000142
0.0000390
0.0000460
0.0000000
0.0000142
0.0000177
0.0000071
0.0000390
0.0000000
0.0000071
0.0000106
0.0000390
0.0000142
0.0000248
0.0000142
0.0000177
0.0000071
0.0000071
0.0000283
0.0000390
0.0000106
0.0000283
0.0000106
0.0000035
0.0000106
0.0000142
0.0000390
0.0000142
0.0000035
0.0000460
0.0000000
0.0000212
0.0000071
0.0000071
0.0000071
0.0000212
0.0000319
0.0000142
0.0000354
0.0000071
0.0000071
0.0000283
0.0000425
0.0000177
0.0000319
0.0000354
0.0000212
0.0000283
0.0000071
0.0000071
0.0000744
0.0000283
0.0000283
0.0000177
0.0000142
0.0000142
0.0000142
0.0000142
0.0000142
0.0000142
0.0000142
0.0000283
0.0000142
0.0000142
0.0000248
0.0000283
0.0000283
0.0000283
0.0000283
0.0000142
0.0000425
0.0000212
0.0000106
0.0000000
0.0000142
0.0000425
0.0000283
0.0000071
0.0000212
0.0000496
0.0000283
0.0000071
0.0000212
0.0000248
0.0000035
0.0000212
0.0000425
0.0000248
0.0000212
0.0000212
0.0000248
0.0000212
0.0000248
0.0000248
0.0000248
0.0000106
0.0000354
0.0000177
0.0000035
0.0000071
0.0000354
0.0000390
0.0000283
0.0000142
0.0000177
0.0000071
0.0000071
0.0000283
0.0000142
0.0000142
0.0000177
0.0000177
0.0000035
0.0000319
0.0000425
0.0000035
0.0000071
0.0000142
0.0000212
0.0000460
0.0000319
0.0000248
0.0000177
0.0000212
0.0000390
0.0000212
0.0000425
0.0000142
0.0000035
0.0000425
0.0000283
0.0000142
0.0000212
0.0000212
0.0000283
0.0000248
0.0000035
0.0000212
0.0000212
0.0000319
0.0000602
0.0000142
0.0000319
0.0000212
0.0000177
0.0000071
0.0000248
0.0000177
0.0000142
0.0000283
0.0000106
0.0000035
0.0000142
0.0000071
0.0000425
0.0000283
0.0000390
0.0000212
0.0000071
0.0000248
0.0000106
0.0000212
0.0000354
0.0000212
0.0000142
0.0000106
0.0000390
0.0000142
0.0000283
0.0000177
0.0000390
0.0000000
0.0000142
0.0000142
0.0000248
0.0000390
0.0000354
0.0000319
0.0000283
0.0000602
0.0000071
0.0000212
0.0000425
0.0000425
0.0000177
0.0000283
0.0000177
0.0000142
0.0000106
0.0000142
0.0000142
0.0000567
0.0000035
0.0000106
0.0000531
0.0000248
0.0000283
0.0000283
0.0000177
0.0000177
0.0000212
0.0000283
0.0000142
0.0000283
0.0000106
0.0000177
0.0000035
0.0000142
0.0000212
0.0000248
0.0000248
0.0000071
0.0000035
0.0000142
0.0000071
0.0000035
0.0000177
0.0000212
0.0000071
0.0000142
0.0000142
0.0000177
0.0000071
0.0000071
0.0000142
0.0000071
0.0000283
0.0000142
0.0000106
0.0000142
0.0000177
0.0000106
0.0000106
0.0000035
0.0000283
0.0000212
0.0000142
0.0000248
0.0000035
0.0000567
0.0000319
0.0000212
0.0000425
0.0000248
0.0000142
0.0000142
0.0000283
0.0000567
0.0000071
0.0000212
0.0000496
0.0000106
0.0000531
0.0000071
0.0000212
0.0000177
0.0000142
0.0000460
0.0000071
0.0000425
0.0000142
0.0000142
0.0000035
0.0000035
0.0000000
0.0000248
0.0000000
0.0000177
0.0000212
0.0000142
0.0000390
0.0000071
0.0000212
0.0000212
0.0000425
0.0000212
0.0000248
0.0000354
0.0000319
0.0000212
0.0000071
0.0000000
0.0000460
0.0000496
0.0000390
0.0000248
0.0000283
0.0000142
0.0000390
0.0000177
0.0000071
0.0000248
0.0000425
0.0000212
0.0000283
0.0000177
0.0000212
0.0000248
0.0000425
0.0000177
0.0000319
0.0000283
0.0000283
0.0000248
0.0000319
0.0000319
0.0000425
0.0000283
0.0000496
0.0000283
0.0000000
0.0000035
0.0000602
0.0000354
0.0000177
0.0000248
0.0000142
0.0000071
0.0000283
0.0000000
0.0000319
0.0000319
0.0000142
0.0000071
0.0000425
0.0000035
0.0000319
0.0000425
0.0000212
0.0000142
0.0000035
0.0000142
0.0000071
0.0000142
0.0000177
0.0000283
0.0000283
0.0000142
0.0000142
0.0000390
0.0000248
0.0000071
0.0000071
0.0000248
0.0000248
0.0000283
0.0000071
0.0000106
0.0000248
0.0000212
0.0000142
0.0000248
0.0000354
0.0000177
0.0000177
0.0000035
0.0000142
0.0000283
0.0000283
0.0000071
0.0000071
0.0000000
0.0000531
0.0000177
0.0000212
0.0000460
0.0000425
0.0000319
0.0000319
0.0000071
0.0000035
0.0000071
0.0000283
0.0000212
0.0000390
0.0000248
0.0000035
0.0000248
0.0000142
0.0000212
0.0000354
0.0000142
0.0000106
0.0000177
0.0000071
0.0000319
0.0000248
0.0000106
0.0000106
0.0000106
0.0000071
0.0000390
0.0000283
0.0000283
0.0000035
0.0000283
0.0000283
0.0000071
0.0000106
0.0000071
0.0000142
0.0000142
0.0000460
0.0000177
0.0000071
0.0000142
0.0000142
0.0000248
0.0000319
0.0000142
0.0000177
0.0000460
0.0000248
0.0000283
0.0000177
0.0000248
0.0000248
0.0000142
0.0000212
0.0000390
0.0000673
0.0000283
0.0000106
0.0000106
0.0000212
0.0000071
0.0000071
0.0000142
0.0000142
0.0000177
0.0000283
0.0000177
0.0000248
0.0000283
0.0000177
0.0000319
0.0000071
0.0000283
0.0000177
0.0000071
0.0000354
0.0000177
0.0000142
0.0000283
0.0000248
0.0000177
0.0000354
0.0000283
0.0000071
0.0000248
0.0000354
0.0000319
0.0000142
0.0000035
0.0000177
0.0000177
0.0000142
0.0000212
0.0000283
0.0000177
0.0000142
0.0000248
0.0000212
0.0000248
0.0000142
0.0000283
0.0000283
0.0000354
0.0000000
0.0000283
0.0000390
0.0000212
0.0000071
0.0000212
0.0000071
0.0000106
0.0000071
0.0000106
0.0000142
0.0000248
0.0000283
0.0000248
0.0000106
0.0000248
0.0000319
0.0000071
0.0000071
0.0000142
0.0000035
0.0000142
0.0000283
0.0000283
0.0000142
0.0000106
0.0000142
0.0000283
0.0000390
0.0000248
0.0000212
0.0000177
0.0000248
0.0000142
0.0000283
0.0000035
0.0000071
0.0000212
0.0000248
0.0000248
0.0000106
0.0000319
0.0000390
0.0000319
0.0000354
0.0000000
0.0000106
0.0000035
0.0000283
0.0000425
0.0000283
0.0000319
0.0000035
0.0000142
0.0000248
0.0000283
0.0000283
0.0000035
0.0000425
0.0000319
0.0000177
0.0000071
0.0000354
0.0000425
0.0000390
0.0000212
0.0000106
0.0000567
0.0000000
0.0000283
0.0000142
0.0000035
0.0000212
0.0000248
0.0000106
0.0000000
0.0000283
0.0000283
0.0000142
0.0000000
0.0000212
0.0000319
0.0000248
0.0000000
0.0000106
0.0000000
0.0000000
0.0000212
0.0000142
0.0000248
0.0000035
0.0000000
0.0000177
0.0000071
0.0000000
0.0000212
0.0000283
0.0000283
0.0000283
0.0000212
0.0000248
0.0000212
0.0000142
0.0000177
0.0000142
0.0000142
0.0000283
0.0000106
0.0000248
0.0000212
0.0000319
0.0000177
0.0000283
0.0000142
0.0000142
0.0000248
0.0000319
0.0000177
0.0000071
0.0000319
0.0000106
0.0000142
0.0000071
0.0000212
0.0000425
0.0000177
0.0000106
0.0000071
0.0000035
0.0000177
0.0000212
0.0000460
0.0000248
0.0000071
0.0000106
0.0000283
0.0000212
0.0000354
0.0000071
0.0000142
0.0000283
0.0000248
0.0000142
0.0000000
0.0000142
0.0000425
0.0000177
0.0000248
0.0000106
0.0000142
0.0000000
0.0000567
0.0000283
0.0000531
0.0000212
0.0000283
0.0000212
0.0000142
0.0000248
0.0000106
0.0000390
0.0000390
0.0000319
0.0000319
0.0000354
0.0000319
0.0000177
0.0000283
0.0000142
0.0000035
0.0000885
0.0000035
0.0000142
0.0000177
0.0000283
0.0000142
0.0000142
0.0000425
0.0000142
0.0000142
0.0000248
0.0000142
0.0000142
0.0000142
0.0000142
0.0000708
0.0000319
0.0000248
0.0000212
0.0000177
0.0000212
0.0000319
0.0000248
0.0000071
0.0000106
0.0000177
0.0000142
0.0000425
0.0000212
0.0000142
0.0000142
0.0000142
0.0000142
0.0000142
0.0000142
0.0000000
0.0000248
0.0000248
0.0000390
0.0000212
0.0000248
0.0000142
0.0000142
0.0000212
0.0000142
0.0000212
0.0000319
0.0000283
0.0000142
0.0000177
0.0000212
0.0000177
0.0000142
0.0000142
0.0000142
0.0000354
0.0000142
0.0000142
0.0000106
0.0000283
0.0000142
0.0000248
0.0000142
0.0000142
0.0000142
0.0000142
0.0000177
0.0000390
0.0000354
0.0000248
0.0000212
0.0000425
0.0000319
0.0000531
0.0000142
0.0000283
0.0000142
0.0000142
0.0000708
0.0000283
0.0000354
0.0000142
0.0000142
0.0000142
0.0000142
0.0000283
0.0000142
0.0000142
0.0000212
0.0000142
0.0000142
0.0000283
0.0000283
0.0000142
0.0000212
0.0000177
0.0000319
0.0000460
0.0000248
0.0000142
0.0000319
0.0000531
0.0000142
0.0000744
0.0000142
0.0000212
0.0000142
0.0000283
0.0000142
0.0000319
0.0000283
0.0000248
0.0000248
0.0000248
0.0000283
0.0000283
0.0000319
0.0000142
0.0000319
0.0000496
0.0000212
0.0000177
0.0000142
0.0000142
0.0000177
0.0000319
0.0000319
0.0000177
0.0000142
0.0000142
0.0000142
0.0000142
0.0000283
0.0000142
0.0000142
0.0000142
0.0000177
0.0000283
0.0000142
0.0000390
0.0000142
0.0000283
0.0000212
0.0000390
0.0000142
0.0000177
0.0000319
0.0000177
0.0000354
0.0000177
0.0000142
0.0000212
0.0000142
0.0000142
0.0000142
0.0000142
0.0000142
0.0000283
0.0000177
0.0000425
0.0000142
0.0000142
0.0000142
0.0000142
0.0000248
0.0000319
0.0000283
0.0000142
0.0000283
0.0000142
0.0000177
0.0000212
0.0000248
0.0000212
0.0000142
0.0000142
0.0000212
0.0000177
0.0000212
0.0000035
0.0000177
0.0000142
0.0000142
0.0000142
0.0000390
0.0000283
0.0000283
0.0000567
0.0000142
0.0000142
0.0000177
0.0000283
0.0000283
0.0000283
0.0000071
0.0000142
0.0000177
0.0000142
0.0000142
0.0000142
0.0000283
0.0000142
0.0000248
0.0000248
0.0000212
0.0000142
0.0000177
0.0000142
0.0000142
0.0000283
0.0000212
0.0000354
0.0000142
0.0000248
0.0000354
0.0000142
0.0000142
0.0000283
0.0000177
0.0000142
0.0000460
0.0000177
0.0000248
0.0000390
0.0000212
0.0000142
0.0000177
0.0000142
0.0000071
0.0000283
0.0000142
0.0000142
0.0000177
0.0000142
0.0000142
0.0000177
0.0000248
0.0000248
0.0000142
0.0000425
0.0000177
0.0000425
0.0000177
0.0000283
0.0000142
0.0000212
0.0000248
0.0000142
0.0000319
0.0000212
0.0000142
0.0000142
0.0000248
0.0000212
0.0000637
0.0000283
0.0000142
0.0000142
0.0000177
0.0000177
0.0000142
0.0000177
0.0000177
0.0000142
0.0000283
0.0000142
0.0000142
0.0000142
0.0000212
0.0000142
0.0000142
0.0000142
0.0000319
0.0000142
0.0000142
0.0000142
0.0000142
0.0000248
0.0000283
0.0000177
0.0000142
0.0000142
0.0000142
0.0000177
0.0000177
0.0000142
0.0000142
0.0000142
0.0000142
0.0000142
0.0000142
0.0000354
0.0000354
0.0000212
0.0000142
0.0000283
0.0000142
0.0000248
0.0000106
0.0000212
0.0000035
0.0000177
0.0000142
0.0000142
0.0000106
0.0000142
0.0000142
0.0000390
0.0000319
0.0000142
0.0000212
0.0000212
0.0000177
0.0000142
0.0000142
0.0000177
0.0000142
0.0000142
0.0000142
0.0000142
0.0000212
0.0000283
0.0000425
0.0000142
0.0000142
0.0000177
0.0000354
0.0000142
0.0000177
0.0000142
0.0000142
0.0000212
0.0000142
0.0000142
0.0000142
0.0000142
0.0000248
0.0000142
0.0000142
0.0000354
0.0000142
0.0000531
0.0000319
0.0000142
0.0000212
0.0000319
0.0000142
0.0000142
0.0000248
0.0000142
0.0000035
0.0000425
0.0000212
0.0000283
0.0000035
0.0000212
0.0000283
0.0000142
0.0000142
0.0000142
0.0000142
0.0000142
0.0000142
0.0000142
0.0000142
0.0000142
0.0000142
0.0000142
0.0000142
0.0000248
0.0000142
0.0000319
0.0000142
0.0000319
0.0000177
0.0000283
0.0000142
0.0000177
0.0000390
0.0000212
0.0000142
0.0000212
0.0000248
0.0000142
0.0000177
0.0000496
0.0000460
0.0000142
0.0000425
0.0000142
0.0000142
0.0000177
0.0000142
0.0000177
0.0000319
0.0000142
0.0000248
0.0000319
0.0000319
0.0000071
0.0000283
0.0000212
0.0000283
0.0000035
0.0000071
0.0000106
0.0000212
0.0000071
0.0000319
0.0000142
0.0000071
0.0000142
0.0000142
0.0000212
0.0000142
0.0000142
0.0000035
0.0000177
0.0000106
0.0000142
0.0000142
0.0000460
0.0000177
0.0000212
0.0000212
0.0000142
0.0000142
0.0000142
0.0000142
0.0000142
0.0000142
0.0000390
0.0000142
0.0000142
0.0000142
0.0000283
0.0000425
0.0000283
0.0000142
0.0000142
0.0000212
0.0000177
0.0000283
0.0000177
0.0000142
0.0000142
0.0000142
0.0000354
0.0000106
0.0000142
0.0000142
0.0000000
0.0000035
0.0000283
0.0000142
0.0000212
0.0000283
0.0000142
0.0000142
0.0000177
0.0000319
0.0000425
0.0000212
0.0000142
0.0000212
0.0000142
0.0000142
0.0000142
0.0000177
0.0000142
0.0000142
0.0000319
0.0000212
0.0000142
0.0000142
0.0000142
0.0000142
0.0000142
0.0000142
0.0000142
0.0000319
0.0000142
0.0000425
0.0000035
0.0000142
0.0000142
0.0000177
0.0000319
0.0000177
0.0000248
0.0000142
0.0000142
0.0000142
0.0000142
0.0000177
0.0000212
0.0000177
0.0000460
0.0000142
0.0000142
0.0000319
0.0000248
0.0000142
0.0000248
0.0000071
0.0000177
0.0000035
0.0000142
0.0000142
0.0000779
0.0000212
0.0000035
0.0000142
0.0000177
0.0000354
0.0000177
0.0000283
0.0000035
0.0000142
0.0000142
0.0000142
0.0000142
0.0000319
0.0000177
0.0000425
0.0000142
0.0000142
0.0000142
0.0000212
0.0000212
0.0000142
0.0000142
0.0000177
0.0000177
0.0000212
0.0000142
0.0000248
0.0000248
0.0000142
0.0000390
0.0000354
0.0000142
0.0000177
0.0000142
0.0000283
0.0000319
0.0000177
0.0000106
0.0000283
0.0000142
0.0000142
0.0000142
0.0000142
0.0000142
0.0000177
0.0000142
0.0000142
0.0000248
0.0000177
0.0000283
0.0000142
0.0000142
0.0000106
0.0000071
0.0000035
0.0000142
0.0000283
0.0000177
0.0000212
0.0000177
0.0000283
0.0000035
0.0000212
0.0000142
0.0000142
0.0000142
0.0000248
0.0000142
0.0000142
0.0000142
0.0000283
0.0000142
0.0000354
0.0000390
0.0000248
0.0000212
0.0000142
0.0000071
0.0000106
0.0000177
0.0000212
0.0000283
0.0000142
0.0000212
0.0000142
0.0000071
0.0000035
0.0000319
0.0000106
0.0000106
0.0000177
0.0000283
0.0000283
0.0000248
0.0000212
0.0000177
0.0000283
0.0000142
0.0000177
0.0000142
0.0000212
0.0000142
0.0000142
0.0000142
0.0000142
0.0000212
0.0000142
0.0000142
0.0000142
0.0000142
0.0000142
0.0000354
0.0000142
0.0000071
0.0000142
0.0000142
0.0000248
0.0000142
0.0000035
0.0000142
0.0000248
0.0000390
0.0000106
0.0000212
0.0000212
0.0000177
0.0000035
0.0000142
0.0000142
0.0000283
0.0000283
0.0000142
0.0000142
0.0000212
0.0000000
0.0000071
0.0000177
0.0000000
0.0000035
0.0000248
0.0000142
0.0000283
0.0000212
0.0000071
0.0000142
0.0000283
0.0000142
0.0000142
0.0000177
0.0000142
0.0000177
0.0000177
0.0000142
0.0000142
0.0000212
0.0000142
0.0000142
0.0000142
0.0000142
0.0000142
0.0000142
0.0000142
0.0000283
0.0000142
0.0000142
0.0000283
0.0000142
0.0000283
0.0000212
0.0000142
0.0000142
0.0000177
0.0000142
0.0000035
0.0000000
0.0000283
0.0000177
0.0000248
0.0000142
0.0000177
0.0000177
0.0000142
0.0000425
0.0000106
0.0000142
0.0000177
0.0000177
0.0000177
0.0000142
0.0000248
0.0000177
0.0000212
0.0000142
0.0000283
0.0000283
0.0000177
0.0000142
0.0000142
0.0000142
0.0000212
0.0000142
0.0000035
0.0000071
0.0000212
0.0000142
0.0000142
0.0000142
0.0000142
0.0000142
0.0000106
0.0000035
0.0000212
0.0000177
0.0000142
0.0000248
0.0000460
0.0000142
0.0000142
0.0000142
0.0000142
0.0000319
0.0000142
0.0000142
0.0000142
0.0000142
0.0000142
0.0000283
0.0000142
0.0000142
0.0000142
0.0000142
0.0000142
0.0000142
0.0000142
0.0000142
0.0000142
0.0000142
0.0000177
0.0000177
0.0000212
0.0000142
0.0000283
0.0000142
0.0000283
0.0000142
0.0000177
0.0000142
0.0000177
0.0000212
0.0000319
0.0000177
0.0000248
0.0000212
0.0000248
0.0000283
0.0000142
0.0000071
0.0000142
0.0000142
0.0000142
0.0000071
0.0000142
0.0000177
0.0000142
0.0000177
0.0000248
0.0000283
0.0000142
0.0000142
0.0000142
0.0000177
0.0000142
0.0000177
0.0000142
0.0000496
0.0000354
0.0000142
0.0000354
0.0000071
0.0000142
0.0000035
0.0000142
0.0000142
0.0000142
0.0000142
0.0000142
0.0000248
0.0000142
0.0000319
0.0000142
0.0000142
0.0000142
0.0000212
0.0000142
0.0000283
0.0000390
0.0000142
0.0000390
0.0000035
0.0000390
0.0000177
0.0000142
0.0000212
0.0000283
0.0000142
0.0000212
0.0000142
0.0000142
0.0000142
0.0000142
0.0000142
0.0000212
0.0000248
0.0000142
0.0000142
0.0000177
0.0000142
0.0000142
0.0000212
0.0000071
0.0000283
0.0000177
0.0000283
0.0000212
0.0000142
0.0000212
0.0000354
0.0000248
0.0000142
0.0000142
0.0000425
0.0000212
0.0000142
0.0000177
0.0000177
0.0000142
0.0000142
0.0000283
0.0000212
0.0000390
0.0000212
0.0000177
