0.2291141
0.0159233
0.0311742
0.0103873
0.0087619
0.0036137
0.0044057
0.0070954
0.0129820
0.0057835
0.0071407
0.0023926
0.0042531
0.0067488
0.0047399
0.0025164
0.0030733
0.0026525
0.0033827
0.0020791
0.0081803
0.0032094
0.0024504
0.0021616
0.0049296
0.0028505
0.0053834
0.0020915
0.0020544
0.0030485
0.0035724
0.0083247
0.0026154
0.0026443
0.0055030
0.0024091
0.0025411
0.0030898
0.0042572
0.0009653
0.0045460
0.0027886
0.0015841
0.0036343
0.0008250
0.0018852
0.0023142
0.0025123
0.0014892
0.0026938
0.0013324
0.0012912
0.0058660
0.0017367
0.0002228
0.0002228
0.0010231
0.0019884
0.0013407
0.0009405
0.0014603
0.0048842
0.0010643
0.0002228
0.0007054
0.0000825
0.0016212
0.0017821
0.0014562
0.0036054
0.0036921
0.0003506
0.0004084
0.0029000
0.0012417
0.0011881
0.0010231
0.0012953
0.0019842
0.0013077
0.0030650
0.0015800
0.0034899
0.0011262
0.0007632
0.0018605
0.0025205
0.0009653
0.0023019
0.0007673
0.0022111
0.0006518
0.0037746
0.0004826
0.0008168
0.0023184
0.0034157
0.0006064
0.0005198
0.0000825
0.0016996
0.0014149
0.0002599
0.0005858
0.0015800
0.0002970
0.0024132
0.0014892
0.0020420
0.0010849
0.0002063
0.0000660
0.0006270
0.0010396
0.0022854
0.0008498
0.0016996
0.0009405
0.0006972
0.0005693
0.0008333
0.0006889
0.0010643
0.0017367
0.0006147
0.0007838
0.0002269
0.0014067
0.0003713
0.0002434
0.0007384
0.0008333
0.0006147
0.0011674
0.0010519
0.0014521
0.0010313
0.0023844
0.0006642
0.0000743
0.0012871
0.0013201
0.0002145
0.0005775
0.0011262
0.0003589
0.0009983
0.0008250
0.0009777
0.0003754
0.0009447
0.0012953
0.0010932
0.0019347
0.0005363
0.0009735
0.0008869
0.0009323
0.0007838
0.0010684
0.0004579
0.0012252
0.0003341
0.0023101
0.0003548
0.0004992
0.0004414
0.0004826
0.0003630
0.0003589
0.0004579
0.0007013
0.0006064
0.0024050
0.0000990
0.0003919
0.0017037
0.0009488
0.0002351
0.0006188
0.0001815
0.0005239
0.0004001
0.0005198
0.0004538
0.0004125
0.0002929
0.0004373
0.0004001
0.0002888
0.0004290
0.0008168
0.0001031
0.0002145
0.0002228
0.0001320
0.0005569
0.0004909
0.0004785
0.0004579
0.0008622
0.0001361
0.0003135
0.0001774
0.0005982
0.0010354
0.0001733
0.0007013
0.0006147
0.0007714
0.0008910
0.0012871
0.0001279
0.0002145
0.0004208
0.0003011
0.0006394
0.0005280
0.0007219
0.0002558
0.0008044
0.0002434
0.0005487
0.0001361
0.0003548
0.0001031
0.0006353
0.0004703
0.0000784
0.0005775
0.0005734
0.0002888
0.0002846
0.0004414
0.0000949
0.0002516
0.0010148
0.0001320
0.0002269
0.0005817
0.0009034
0.0003589
0.0004166
0.0006889
0.0000289
0.0004290
0.0002228
0.0000371
0.0005115
0.0001733
0.0002310
0.0002640
0.0004620
0.0003094
0.0005115
0.0004703
0.0003795
0.0002640
0.0009240
0.0002351
0.0003383
0.0004909
0.0001609
0.0002393
0.0003135
0.0004166
0.0009942
0.0001568
0.0005363
0.0009282
0.0000825
0.0001196
0.0002516
0.0005198
0.0001980
0.0005652
0.0001609
0.0006229
0.0002558
0.0002310
0.0001691
0.0002434
0.0003589
0.0001155
0.0003465
0.0001155
0.0001650
0.0001073
0.0004084
0.0003754
0.0001279
0.0001114
0.0005734
0.0002846
0.0002681
0.0002970
0.0002970
0.0002434
0.0005940
0.0001196
0.0003218
0.0004744
0.0003465
0.0004538
0.0001485
0.0002681
0.0001774
0.0001279
0.0004909
0.0006270
0.0001031
0.0006600
0.0009859
0.0002475
0.0003919
0.0002970
0.0001114
0.0002393
0.0003836
0.0006600
0.0004166
0.0003053
0.0003053
0.0000413
0.0004001
0.0001114
0.0006229
0.0000825
0.0001114
0.0001980
0.0007425
0.0001691
0.0007302
0.0011551
0.0006312
0.0002516
0.0001774
0.0000660
0.0003919
0.0002970
0.0002764
0.0005363
0.0004043
0.0000990
0.0001856
0.0001361
0.0005198
0.0003713
0.0004496
0.0001361
0.0003176
0.0003713
0.0003135
0.0002104
0.0003135
0.0000495
0.0001856
0.0003630
0.0003383
0.0001444
0.0000619
0.0002310
0.0002558
0.0002393
0.0002145
0.0001609
0.0008085
0.0000784
0.0001238
0.0000866
0.0002723
0.0002104
0.0002351
0.0002805
0.0002351
0.0000330
0.0001444
0.0003424
0.0006683
0.0003836
0.0006724
0.0002434
0.0000908
0.0004331
0.0002351
0.0000165
0.0004125
0.0003341
0.0001939
0.0004125
0.0007838
0.0006518
0.0003259
0.0005157
0.0001196
0.0001320
0.0000495
0.0003341
0.0002846
0.0003135
0.0001733
0.0002970
0.0002310
0.0000949
0.0003011
0.0001609
0.0001774
0.0003836
0.0005115
0.0004208
0.0002434
0.0001196
0.0000371
0.0001609
0.0000330
0.0001320
0.0004373
0.0003878
0.0008209
0.0004249
0.0002846
0.0003053
0.0001733
0.0001444
0.0003548
0.0003836
0.0001279
0.0001238
0.0000413
0.0001155
0.0002558
0.0001238
0.0004579
0.0003053
0.0002063
0.0000371
0.0001939
0.0002888
0.0004166
0.0001485
0.0003053
0.0001238
0.0005198
0.0001898
0.0000701
0.0001403
0.0002764
0.0002929
0.0001691
0.0001320
0.0004496
0.0000825
0.0004496
0.0002764
0.0001609
0.0000825
0.0001980
0.0002805
0.0002805
0.0000825
0.0001485
0.0002970
0.0003754
0.0001238
0.0005445
0.0001155
0.0000619
0.0002888
0.0000330
0.0002021
0.0001196
0.0002063
0.0001939
0.0000990
0.0002186
0.0004744
0.0002145
0.0001320
0.0001114
0.0003011
0.0001196
0.0001609
0.0000990
0.0004125
0.0001568
0.0002021
0.0006105
0.0001733
0.0002393
0.0000413
0.0000083
0.0002186
0.0001238
0.0002434
0.0002846
0.0001485
0.0001403
0.0001073
0.0007095
0.0001609
0.0002063
0.0002228
0.0001196
0.0001856
0.0001733
0.0003094
0.0003135
0.0003465
0.0001815
0.0000454
0.0000330
0.0000908
0.0003589
0.0002393
0.0001444
0.0002681
0.0002970
0.0001609
0.0001196
0.0001568
0.0001898
0.0000165
0.0000990
0.0001980
0.0000660
0.0002145
0.0001403
0.0002970
0.0002640
0.0001073
0.0000495
0.0003424
0.0001238
0.0001691
0.0001568
0.0000330
0.0001155
0.0000701
0.0002063
0.0001485
0.0002723
0.0003094
0.0001733
0.0004125
0.0005528
0.0001031
0.0000949
0.0000660
0.0002970
0.0001238
0.0001568
0.0003878
0.0003383
0.0000454
0.0000949
0.0002228
0.0001898
0.0001815
0.0001073
0.0000536
0.0001238
0.0000495
0.0002104
0.0001279
0.0001031
0.0002269
0.0001980
0.0003094
0.0001691
0.0001774
0.0002393
0.0001856
0.0002269
0.0001650
0.0001403
0.0002021
0.0000206
0.0001526
0.0001650
0.0000701
0.0001815
0.0002640
0.0000454
0.0001815
0.0001114
0.0001403
0.0002929
0.0001650
0.0001196
0.0003630
0.0000495
0.0001609
0.0001980
0.0001980
0.0001361
0.0001155
0.0001526
0.0001403
0.0001526
0.0002558
0.0003259
0.0000206
0.0002764
0.0001898
0.0001815
0.0002475
0.0002888
0.0000660
0.0000784
0.0001856
0.0001774
0.0003011
0.0003506
0.0000908
0.0000743
0.0001733
0.0002104
0.0001155
0.0000990
0.0000454
0.0002475
0.0000743
0.0000413
0.0000371
0.0004331
0.0000908
0.0001444
0.0000578
0.0003424
0.0002269
0.0000660
0.0000495
0.0000660
0.0002599
0.0001568
0.0001485
0.0001568
0.0001650
0.0000701
0.0002764
0.0000949
0.0002351
0.0002021
0.0002021
0.0000743
0.0002558
0.0004166
0.0004703
0.0002063
0.0002475
0.0000330
0.0000660
0.0000454
0.0001196
0.0001815
0.0000949
0.0001114
0.0001568
0.0001774
0.0001114
0.0001691
0.0002475
0.0001691
0.0001155
0.0001031
0.0001691
0.0003589
0.0003713
0.0000413
0.0001073
0.0000083
0.0002970
0.0000701
0.0001114
0.0001444
0.0001403
0.0000701
0.0000825
0.0000949
0.0000660
0.0001526
0.0002516
0.0000454
0.0000990
0.0003300
0.0001733
0.0000784
0.0001279
0.0002228
0.0000578
0.0000330
0.0002434
0.0001568
0.0001444
0.0001114
0.0000413
0.0001980
0.0002351
0.0001691
0.0003630
0.0003341
0.0001526
0.0001196
0.0001526
0.0002228
0.0002846
0.0001444
0.0000660
0.0000701
0.0001609
0.0000784
0.0001774
0.0001609
0.0004414
0.0000701
0.0000041
0.0001238
0.0002021
0.0000743
0.0002681
0.0000908
0.0000784
0.0002104
0.0001114
0.0004703
0.0001238
0.0001774
0.0004125
0.0001815
0.0000165
0.0000660
0.0001155
0.0000660
0.0001485
0.0001320
0.0000536
0.0000536
0.0000784
0.0002516
0.0000536
0.0001856
0.0001485
0.0002640
0.0001320
0.0002516
0.0001031
0.0000660
0.0001238
0.0000578
0.0000248
0.0001279
0.0001114
0.0001031
0.0000866
0.0000330
0.0001403
0.0001361
0.0001114
0.0001650
0.0002228
0.0000371
0.0002723
0.0002269
0.0000990
0.0001485
0.0001279
0.0000330
0.0001774
0.0000536
0.0002145
0.0000454
0.0001361
0.0000289
0.0001073
0.0000949
0.0000825
0.0000330
0.0000990
0.0001073
0.0000660
0.0001733
0.0000330
0.0001320
0.0000495
0.0000743
0.0001238
0.0001403
0.0000619
0.0000908
0.0000949
0.0001114
0.0001568
0.0001526
0.0001361
0.0000578
0.0002846
0.0001856
0.0000536
0.0003094
0.0001238
0.0002228
0.0001238
0.0001898
0.0000825
0.0000949
0.0001526
0.0000495
0.0001114
0.0001939
0.0000743
0.0000866
0.0001403
0.0001609
0.0000825
0.0000454
0.0001485
0.0000619
0.0002393
0.0002063
0.0000330
0.0000495
0.0000578
0.0001114
0.0000990
0.0000371
0.0001073
0.0001196
0.0000949
0.0002558
0.0000578
0.0001155
0.0000578
0.0001650
0.0000371
0.0000701
0.0000784
0.0000825
0.0000206
0.0002186
0.0001898
0.0000413
0.0000454
0.0000784
0.0001114
0.0000866
0.0000578
0.0000495
0.0000619
0.0000866
0.0000495
0.0000990
0.0002021
0.0001568
0.0000990
0.0001155
0.0001980
0.0001279
0.0000330
0.0002434
0.0002558
0.0000743
0.0000949
0.0000536
0.0003713
0.0003011
0.0001196
0.0001238
0.0001444
0.0001485
0.0001073
0.0001073
0.0000330
0.0000413
0.0000454
0.0000454
0.0000495
0.0000536
0.0000701
0.0000495
0.0000495
0.0001485
0.0000660
0.0000495
0.0001526
0.0000041
0.0001526
0.0000743
0.0002516
0.0000454
0.0001691
0.0002599
0.0000536
0.0000495
0.0002640
0.0000536
0.0000578
0.0000784
0.0003259
0.0001155
0.0000248
0.0000701
0.0000578
0.0001279
0.0000660
0.0000454
0.0000619
0.0000165
0.0001526
0.0002021
0.0000660
0.0001196
0.0001691
0.0002929
0.0001403
0.0002516
0.0000866
0.0000083
0.0001403
0.0001444
0.0001031
0.0000619
0.0000743
0.0000908
0.0001279
0.0001609
0.0001361
0.0000660
0.0000784
0.0002805
0.0000619
0.0001650
0.0002558
0.0000536
0.0000866
0.0002723
0.0002104
0.0001403
0.0001155
0.0001196
0.0000495
0.0000825
0.0000825
0.0000866
0.0000206
0.0000165
0.0000990
0.0001403
0.0002104
0.0000619
0.0001526
0.0001691
0.0001733
0.0001444
0.0001898
0.0001526
0.0000495
0.0000206
0.0000536
0.0000536
0.0000536
0.0000660
0.0000536
0.0000784
0.0000866
0.0001485
0.0000495
0.0000289
0.0001774
0.0001733
0.0002269
0.0001320
0.0002351
0.0001898
0.0001114
0.0000660
0.0002310
0.0000743
0.0001320
0.0001073
0.0000578
0.0000743
0.0000825
0.0000206
0.0000743
0.0000866
0.0000371
0.0000536
0.0001073
0.0000825
0.0002145
0.0001485
0.0002310
0.0001114
0.0000083
0.0001238
0.0001485
0.0000536
0.0000949
0.0001320
0.0001031
0.0000701
0.0000619
0.0000701
0.0000990
0.0000248
0.0001361
0.0000165
0.0001114
0.0001939
0.0000578
0.0000743
0.0000536
0.0001650
0.0000866
0.0000578
0.0000289
0.0000330
0.0000206
0.0001774
0.0001073
0.0001114
0.0001196
0.0002186
0.0002681
0.0000578
0.0000083
0.0000660
0.0000536
0.0001196
0.0000660
0.0001361
0.0002269
0.0000495
0.0001650
0.0000330
0.0000454
0.0000165
0.0001980
0.0001980
0.0000825
0.0000660
0.0000083
0.0000083
0.0001073
0.0001568
0.0000454
0.0002393
0.0000495
0.0000784
0.0000784
0.0002021
0.0000908
0.0001114
0.0001114
0.0001279
0.0000536
0.0001238
0.0000578
0.0000784
0.0000206
0.0000536
0.0000660
0.0001155
0.0000784
0.0000701
0.0001898
0.0001073
0.0000908
0.0001485
0.0000825
0.0002681
0.0000619
0.0000701
0.0000248
0.0001856
0.0001320
0.0000660
0.0001691
0.0000578
0.0000578
0.0001320
0.0002104
0.0001114
0.0001196
0.0000990
0.0000248
0.0001444
0.0000784
0.0000536
0.0000413
0.0000165
0.0000578
0.0000619
0.0000330
0.0001733
0.0000165
0.0001279
0.0001939
0.0001320
0.0000908
0.0001196
0.0000165
0.0000536
0.0000330
0.0001279
0.0000165
0.0000866
0.0000949
0.0000660
0.0001155
0.0000413
0.0000949
0.0000949
0.0000990
0.0001650
0.0001320
0.0000908
0.0000701
0.0000413
0.0001650
0.0001733
0.0000701
0.0001650
0.0001361
0.0001568
0.0002063
0.0000990
0.0001568
0.0001485
0.0001155
0.0000743
0.0000330
0.0000949
0.0000619
0.0000536
0.0001073
0.0001279
0.0000784
0.0002599
0.0001155
0.0000454
0.0000784
0.0000784
0.0001568
0.0000330
0.0000413
0.0000660
0.0000371
0.0001980
0.0001031
0.0000990
0.0000371
0.0000289
0.0000536
0.0001939
0.0000908
0.0000536
0.0000495
0.0000660
0.0000495
0.0000743
0.0000454
0.0001114
0.0000165
0.0000206
0.0000908
0.0000413
0.0000949
0.0000949
0.0000495
0.0001691
0.0001444
0.0001196
0.0000701
0.0000536
0.0000536
0.0000743
0.0000908
0.0000495
0.0000701
0.0001155
0.0000124
0.0000784
0.0001609
0.0000578
0.0001155
0.0002186
0.0001485
0.0003053
0.0001031
0.0000206
0.0000990
0.0000949
0.0000413
0.0001031
0.0001196
0.0000619
0.0001403
0.0000866
0.0000990
0.0000536
0.0000949
0.0000165
0.0000413
0.0000165
0.0000330
0.0000413
0.0000454
0.0000330
0.0000289
0.0000578
0.0000413
0.0000165
0.0000619
0.0000660
0.0000495
0.0000041
0.0001238
0.0000784
0.0000990
0.0000413
0.0000619
0.0001609
0.0001526
0.0001073
0.0000908
0.0000578
0.0000908
0.0001568
0.0001403
0.0001155
0.0001444
0.0000536
0.0000743
0.0000743
0.0000866
0.0001238
0.0000743
0.0000908
0.0001031
0.0001485
0.0000825
0.0000743
0.0000413
0.0001485
0.0000536
0.0000248
0.0000619
0.0000619
0.0000743
0.0000495
0.0000825
0.0000495
0.0001403
0.0001526
0.0001361
0.0000701
0.0000660
0.0000371
0.0000454
0.0000660
0.0000413
0.0000330
0.0000330
0.0001196
0.0000371
0.0000536
0.0000454
0.0000413
0.0001155
0.0000371
0.0000454
0.0000660
0.0000536
0.0000454
0.0000206
0.0000784
0.0001196
0.0000660
0.0000536
0.0000619
0.0001073
0.0001279
0.0000206
0.0000578
0.0000619
0.0000825
0.0000619
0.0000825
0.0000371
0.0000660
0.0000578
0.0000165
0.0000743
0.0000908
0.0000866
0.0000165
0.0000908
0.0000578
0.0000825
0.0001114
0.0000990
0.0001320
0.0000041
0.0000784
0.0000825
0.0000660
0.0000330
0.0000660
0.0000660
0.0000660
0.0000619
0.0000330
0.0000990
0.0001073
0.0000330
0.0000660
0.0000495
0.0000743
0.0001114
0.0001361
0.0001320
0.0000701
0.0000660
0.0000289
0.0000825
0.0000578
0.0000825
0.0000206
0.0000866
0.0000866
0.0000330
0.0000825
0.0001526
0.0001196
0.0000371
0.0000495
0.0000413
0.0000990
0.0000660
0.0001073
0.0000371
0.0000825
0.0000743
0.0000949
0.0000495
0.0000454
0.0001114
0.0001155
0.0000248
0.0000578
0.0000701
0.0000330
0.0000371
0.0000165
0.0000578
0.0000866
0.0000990
0.0000454
0.0000413
0.0000454
0.0000330
0.0000990
0.0000165
0.0000743
0.0000371
0.0000990
0.0000825
0.0001691
0.0000578
0.0000371
0.0000165
0.0000041
0.0000248
0.0001485
0.0001650
0.0000949
0.0000908
0.0000866
0.0001279
0.0000248
0.0000330
0.0000371
0.0000619
0.0000165
0.0000165
0.0000330
0.0000660
0.0001691
0.0000495
0.0000660
0.0000413
0.0000495
0.0000124
0.0000578
0.0000743
0.0000660
0.0000743
0.0000495
0.0000866
0.0000371
0.0000660
0.0001320
0.0001031
0.0000083
0.0000578
0.0001073
0.0001485
0.0000908
0.0000866
0.0000866
0.0000660
0.0000536
0.0001485
0.0000990
0.0000413
0.0000949
0.0000495
0.0001774
0.0000413
0.0000371
0.0000371
0.0000371
0.0000949
0.0001114
0.0001196
0.0002599
0.0001031
0.0000784
0.0002063
0.0001279
0.0000866
0.0001444
0.0000371
0.0001073
0.0000330
0.0000660
0.0000908
0.0000413
0.0000206
0.0000990
0.0000536
0.0000701
0.0000371
0.0001114
0.0000083
0.0001114
0.0000578
0.0000495
0.0002063
0.0000578
0.0000041
0.0000165
0.0001031
0.0000536
0.0000495
0.0000330
0.0000784
0.0000701
0.0000495
0.0000165
0.0000330
0.0000825
0.0000495
0.0000866
0.0000495
0.0000454
0.0001279
0.0001238
0.0000248
0.0000495
0.0001031
0.0000784
0.0000908
0.0001155
0.0000495
0.0000206
0.0000413
0.0001073
0.0001320
0.0000743
0.0000660
0.0000908
0.0000866
0.0000578
0.0000908
0.0000206
0.0000701
0.0000413
0.0000578
0.0000536
0.0000784
0.0000371
0.0000660
0.0000784
0.0000578
0.0000495
0.0000619
0.0000619
0.0000701
0.0000371
0.0000619
0.0001279
0.0000454
0.0000578
0.0000825
0.0000660
0.0000908
0.0000578
0.0000619
0.0000743
0.0000784
0.0001031
0.0000660
0.0000165
0.0000784
0.0000248
0.0000536
0.0000619
0.0001196
0.0001238
0.0000206
0.0000619
0.0001031
0.0001196
0.0000536
0.0000330
0.0001485
0.0001444
0.0001444
0.0001526
0.0000701
0.0001155
0.0000908
0.0000165
0.0000619
0.0000701
0.0000949
0.0000413
0.0000701
0.0001196
0.0000413
0.0000371
0.0001031
0.0001073
0.0000248
0.0000165
0.0000536
0.0000248
0.0000701
0.0000619
0.0000206
0.0000701
0.0000454
0.0000330
0.0000165
0.0000330
0.0000289
0.0001155
0.0000825
0.0000495
0.0000165
0.0000330
0.0000413
0.0001114
0.0000990
0.0000371
0.0000784
0.0000165
0.0000454
0.0000206
0.0000866
0.0000041
0.0000330
0.0000454
0.0000165
0.0000990
0.0000330
0.0001444
0.0000495
0.0000495
0.0000619
0.0000330
0.0000371
0.0000660
0.0000371
0.0001361
0.0000454
0.0000330
0.0000083
0.0000495
0.0000083
0.0000371
0.0000330
0.0000701
0.0000206
0.0000908
0.0000784
0.0000041
0.0000124
0.0001444
0.0000330
0.0000495
0.0000701
0.0001196
0.0000825
0.0000041
0.0000701
0.0000413
0.0000660
0.0000289
0.0000660
0.0000330
0.0001114
0.0000784
0.0000330
0.0000248
0.0000701
0.0000330
0.0001279
0.0000536
0.0001403
0.0000495
0.0000578
0.0000825
0.0000743
0.0000990
0.0000495
0.0000413
0.0000206
0.0000743
0.0000701
0.0000248
0.0000083
0.0000908
0.0000743
0.0000289
0.0000825
0.0001073
0.0001031
0.0000330
0.0000330
0.0000908
0.0000371
0.0001031
0.0000165
0.0000413
0.0000990
0.0000495
0.0000330
0.0000371
0.0000495
0.0000743
0.0000784
0.0000165
0.0001279
0.0000660
0.0001320
0.0000619
0.0001650
0.0000454
0.0001155
0.0000165
0.0000908
0.0000660
0.0001279
0.0000908
0.0001073
0.0000784
0.0000949
0.0000495
0.0000330
0.0000784
0.0000289
0.0000784
0.0000949
0.0000536
0.0001403
0.0000495
0.0000536
0.0000619
0.0000784
0.0001073
0.0000743
0.0000701
0.0000660
0.0000743
0.0000454
0.0000371
0.0000825
0.0000083
0.0000371
0.0000165
0.0002929
0.0000000
0.0000495
0.0000413
0.0000578
0.0000536
0.0000083
0.0000206
0.0000495
0.0000248
0.0000784
0.0000578
0.0000743
0.0000619
0.0000206
0.0000825
0.0000660
0.0000701
0.0001526
0.0000371
0.0000578
0.0000248
0.0000701
0.0000825
0.0000371
0.0000330
0.0000454
0.0000701
0.0000330
0.0000784
0.0000495
0.0000165
0.0000784
0.0000413
0.0000784
0.0000619
0.0001073
0.0000495
0.0001073
0.0001279
0.0000743
0.0000701
0.0000495
0.0001279
0.0000908
0.0000454
0.0000619
0.0000536
0.0000660
0.0000454
0.0000289
0.0000825
0.0000371
0.0000495
0.0000949
0.0000660
0.0000206
0.0000413
0.0000619
0.0000413
0.0000578
0.0000990
0.0000866
0.0000990
0.0000165
0.0000330
0.0000371
0.0000619
0.0000454
0.0000083
0.0000949
0.0000784
0.0000289
0.0000660
0.0000330
0.0000413
0.0000330
0.0000413
0.0000784
0.0000990
0.0000825
0.0000866
0.0000289
0.0000784
0.0000289
0.0000248
0.0000660
0.0000454
0.0000371
0.0000660
0.0000371
0.0001196
0.0001320
0.0000784
0.0000165
0.0000784
0.0001526
0.0001279
0.0000330
0.0001031
0.0000701
0.0000536
0.0000619
0.0000908
0.0000660
0.0000454
0.0000495
0.0000743
0.0000784
0.0000578
0.0000908
0.0000743
0.0000165
0.0000536
0.0000825
0.0000536
0.0000536
0.0000866
0.0001114
0.0000248
0.0000330
0.0000619
0.0000825
0.0000495
0.0000165
0.0000660
0.0000330
0.0001073
0.0000825
0.0002145
0.0000619
0.0001031
0.0001196
0.0000784
0.0000949
0.0000165
0.0000536
0.0001609
0.0000578
0.0000371
0.0000825
0.0001073
0.0000825
0.0000248
0.0000701
0.0000949
0.0000454
0.0001361
0.0000701
0.0000495
0.0000949
0.0000536
0.0000990
0.0000536
0.0000578
0.0000165
0.0001114
0.0000660
0.0000165
0.0001073
0.0000536
0.0000660
0.0000371
0.0000908
0.0000330
0.0000371
0.0000495
0.0000578
0.0000949
0.0000165
0.0000289
0.0000908
0.0000206
0.0000413
0.0000371
0.0000371
0.0000578
0.0000578
0.0000825
0.0000990
0.0000743
0.0000536
0.0004455
0.0001485
0.0000825
0.0000619
0.0000206
0.0000289
0.0000949
0.0000165
0.0000413
0.0000619
0.0000413
0.0000041
0.0000165
0.0000330
0.0000330
0.0000165
0.0000206
0.0000289
0.0000206
0.0000949
0.0000248
0.0000330
0.0000413
0.0000578
0.0000165
0.0000578
0.0000289
0.0000165
0.0000413
0.0000330
0.0000330
0.0000330
0.0000619
0.0000784
0.0000206
0.0000784
0.0000289
0.0000330
0.0000124
0.0000536
0.0000908
0.0000743
0.0000454
0.0000413
0.0000206
0.0000495
0.0000578
0.0000949
0.0000536
0.0000495
0.0000701
0.0000083
0.0000536
0.0000124
0.0000083
0.0000495
0.0000083
0.0000743
0.0001073
0.0000041
0.0000949
0.0000619
0.0000495
0.0000330
0.0000619
0.0000330
0.0000083
0.0000784
0.0000949
0.0000206
0.0000825
0.0000165
0.0000660
0.0000248
0.0000248
0.0000660
0.0000536
0.0000701
0.0000206
0.0000330
0.0000495
0.0000454
0.0000330
0.0000495
0.0000165
0.0000784
0.0000536
0.0000495
0.0000949
0.0001031
0.0000660
0.0000578
0.0000825
0.0000743
0.0000701
0.0000206
0.0000289
0.0000866
0.0000701
0.0000949
0.0000990
0.0000495
0.0000454
0.0000083
0.0000660
0.0000908
0.0000495
0.0000371
0.0000578
0.0000578
0.0000619
0.0000206
0.0000371
0.0000330
0.0000908
0.0000248
0.0000578
0.0000495
0.0000206
0.0000289
0.0000495
0.0000165
0.0000578
0.0000908
0.0000784
0.0000248
0.0000495
0.0000330
0.0000330
0.0000578
0.0000041
0.0000743
0.0000248
0.0000041
0.0000825
0.0000949
0.0000701
0.0000619
0.0000413
0.0000660
0.0000743
0.0000248
0.0000495
0.0000413
0.0000701
0.0000371
0.0000701
0.0000371
0.0000330
0.0000248
0.0000660
0.0000330
0.0000371
0.0000165
0.0000495
0.0000866
0.0000784
0.0000454
0.0000371
0.0000371
0.0000289
0.0000454
0.0000330
0.0000495
0.0000371
0.0000578
0.0000660
0.0000495
0.0000041
0.0000578
0.0000330
0.0000165
0.0000990
0.0000165
0.0000701
0.0000949
0.0001114
0.0000578
0.0000619
0.0000743
0.0000660
0.0000371
0.0001073
0.0000495
0.0002021
0.0000495
0.0000536
0.0000784
0.0000289
0.0000743
0.0000413
0.0000578
0.0000825
0.0000165
0.0000784
0.0000743
0.0000536
0.0000289
0.0001196
0.0000619
0.0001114
0.0000495
0.0000248
0.0000289
0.0000949
0.0000866
0.0000289
0.0000701
0.0000536
0.0001073
0.0000330
0.0000248
0.0000619
0.0000784
0.0000371
0.0000495
0.0000371
0.0000660
0.0000495
0.0000578
0.0000660
0.0000578
0.0000165
0.0000578
0.0000619
0.0000578
0.0000825
0.0000248
0.0000743
0.0000660
0.0001361
0.0001238
0.0001073
0.0000578
0.0000413
0.0000660
0.0000371
0.0000206
0.0000825
0.0000495
0.0000330
0.0000660
0.0000413
0.0000866
0.0000701
0.0000660
0.0000743
0.0000165
0.0000619
0.0000206
0.0000660
0.0001114
0.0000454
0.0000578
0.0000041
0.0000248
0.0000165
0.0000206
0.0000165
0.0001031
0.0000784
0.0000371
0.0000701
0.0000454
0.0000289
0.0000165
0.0000701
0.0000330
0.0000701
0.0000495
0.0000041
0.0000413
0.0000289
0.0000330
0.0000660
0.0000784
0.0000371
0.0000248
0.0000578
0.0000619
0.0000165
0.0000866
0.0000330
0.0000495
0.0000371
0.0000330
0.0000454
0.0000289
0.0000866
0.0000165
0.0000041
0.0000660
0.0000000
0.0000165
0.0000619
0.0000495
0.0000165
0.0000206
0.0000165
0.0000454
0.0000660
0.0000619
0.0000743
0.0000949
0.0000701
0.0000949
0.0000743
0.0000454
0.0000578
0.0000495
0.0000743
0.0000206
0.0000330
0.0000041
0.0000206
0.0000206
0.0000330
0.0000536
0.0000619
0.0000536
0.0000990
0.0000165
0.0000495
0.0000660
0.0000743
0.0000371
0.0000495
0.0000330
0.0000289
0.0001155
0.0000330
0.0000289
0.0001361
0.0000041
0.0000083
0.0000866
0.0000041
0.0000206
0.0000330
0.0000289
0.0000371
0.0000454
0.0000660
0.0000454
0.0000371
0.0000495
0.0000578
0.0000165
0.0000619
0.0000578
0.0000165
0.0000701
0.0000536
0.0000330
0.0000413
0.0000165
0.0000784
0.0000330
0.0000206
0.0000495
0.0000454
0.0000701
0.0000206
0.0000495
0.0000330
0.0000784
0.0000413
0.0000536
0.0000413
0.0000165
0.0000371
0.0000454
0.0000165
0.0000949
0.0000413
0.0000413
0.0000124
0.0000495
0.0000578
0.0000413
0.0001238
0.0000578
0.0000495
0.0000289
0.0000784
0.0000495
0.0000660
0.0000866
0.0000041
0.0000165
0.0000206
0.0000866
0.0000330
0.0000330
0.0000825
0.0000743
0.0000371
0.0000949
0.0000289
0.0000330
0.0000578
0.0000495
0.0000083
0.0000165
0.0000619
0.0000413
0.0000660
0.0000413
0.0000371
0.0000289
0.0000701
0.0000660
0.0000536
0.0000908
0.0000413
0.0000578
0.0000908
0.0000990
0.0000619
0.0001031
0.0000124
0.0000371
0.0000578
0.0000206
0.0000454
0.0000578
0.0000248
0.0000949
0.0001609
0.0000908
0.0000206
0.0000495
0.0000495
0.0000619
0.0000578
0.0000165
0.0000413
0.0000495
0.0000165
0.0000041
0.0000908
0.0000495
0.0001073
0.0000165
0.0000743
0.0000784
0.0000536
0.0000619
0.0000289
0.0000536
0.0001774
0.0000330
0.0000248
0.0000866
0.0000825
0.0000041
0.0000413
0.0000289
0.0000413
0.0000619
0.0000165
0.0000495
0.0000289
0.0000248
0.0000413
0.0000495
0.0000371
0.0000701
0.0000536
0.0000330
0.0000536
0.0000495
0.0000495
0.0000248
0.0000660
0.0000330
0.0000330
0.0000248
0.0000619
0.0000619
0.0000289
0.0000206
0.0000825
0.0000660
0.0000866
0.0000660
0.0000330
0.0000289
0.0000413
0.0000578
0.0000578
0.0000454
0.0001114
0.0000701
0.0000495
0.0000743
0.0000825
0.0000495
0.0000784
0.0000495
0.0000165
0.0000371
0.0000495
0.0000701
0.0000330
0.0000413
0.0000289
0.0001238
0.0000578
0.0000660
0.0000454
0.0000165
0.0000619
0.0000165
0.0000578
0.0000784
0.0000165
0.0000743
0.0000330
0.0000784
0.0000660
0.0000000
0.0000371
0.0000371
0.0000371
0.0000454
0.0000660
0.0000289
0.0000454
0.0000330
0.0000495
0.0000619
0.0000289
0.0000330
0.0000908
0.0000578
0.0000206
0.0000660
0.0000660
0.0000413
0.0000578
0.0000701
0.0000083
0.0000825
0.0000660
0.0000701
0.0000289
0.0000371
0.0000413
0.0000165
0.0000495
0.0000743
0.0000248
0.0000495
0.0000289
0.0000701
0.0001114
0.0000371
0.0000784
0.0000701
0.0000330
0.0000371
0.0000660
0.0000330
0.0000866
0.0000743
0.0000536
0.0000289
0.0000454
0.0000413
0.0000206
0.0000660
0.0000619
0.0000701
0.0000413
0.0000619
0.0000536
0.0000660
0.0000660
0.0000660
0.0000371
0.0000743
0.0000743
0.0000371
0.0000371
0.0000165
0.0000454
0.0000165
0.0000578
0.0000206
0.0000330
0.0000165
0.0000371
0.0000371
0.0000413
0.0000041
0.0000289
0.0000289
0.0000248
0.0000330
0.0000289
0.0000619
0.0000743
0.0000660
0.0000165
0.0000330
0.0000536
0.0000701
0.0000330
0.0000041
0.0000743
0.0000330
0.0000454
0.0000701
0.0000619
0.0000041
0.0000330
0.0000330
0.0000165
0.0000248
0.0000371
0.0000206
0.0001279
0.0000289
0.0000701
0.0000454
0.0000495
0.0000165
0.0000371
0.0000701
0.0000371
0.0000083
0.0000454
0.0000330
0.0000495
0.0000578
0.0000536
0.0000041
0.0000371
0.0000660
0.0000083
0.0000041
0.0000701
0.0000495
0.0000536
0.0000165
0.0000619
0.0000619
0.0000536
0.0000248
0.0000619
0.0000371
0.0000495
0.0000908
0.0000206
0.0000495
0.0000248
0.0000289
0.0000413
0.0000330
0.0000206
0.0000206
0.0000330
0.0000536
0.0000289
0.0000248
0.0000454
0.0000206
0.0000495
0.0000536
0.0000330
0.0000330
0.0000578
0.0000619
0.0000206
0.0000495
0.0000289
0.0000124
0.0000041
0.0000165
0.0000413
0.0000041
0.0000330
0.0000289
0.0000330
0.0000454
0.0000578
0.0000289
0.0000330
0.0000495
0.0000743
0.0000371
0.0000165
0.0000165
0.0000289
0.0000701
0.0000413
0.0000413
0.0000495
0.0000248
0.0000413
0.0000619
0.0000743
0.0000248
0.0000495
0.0000165
0.0000165
0.0000536
0.0000165
0.0000825
0.0000413
0.0000330
0.0000371
0.0000248
0.0000825
0.0000289
0.0000165
0.0000454
0.0000454
0.0000454
0.0000495
0.0000289
0.0000289
0.0000578
0.0000413
0.0000206
0.0000413
0.0001155
0.0000330
0.0000495
0.0000660
0.0000289
0.0000825
0.0000330
0.0000743
0.0000454
0.0000206
0.0000330
0.0000495
0.0000165
0.0000124
0.0000578
0.0000495
0.0000165
0.0000619
0.0000248
0.0000536
0.0000536
0.0000371
0.0000701
0.0000165
0.0000701
0.0000330
0.0000330
0.0000454
0.0000289
0.0000660
0.0000536
0.0000248
0.0000413
0.0000660
0.0000371
0.0000330
0.0000536
0.0000413
0.0000619
0.0000248
0.0000413
0.0000413
0.0000206
0.0000578
0.0000536
0.0000165
0.0000083
0.0000041
0.0000495
0.0000330
0.0000578
0.0000371
0.0000949
0.0000825
0.0000413
0.0000495
0.0000330
0.0000165
0.0000454
0.0000371
0.0000248
0.0000454
0.0000206
0.0000536
0.0000206
0.0000495
0.0000701
0.0000454
0.0000701
0.0000413
0.0000413
0.0000330
0.0000413
0.0000330
0.0000330
0.0000165
0.0000371
0.0000289
0.0000495
0.0000124
0.0000165
0.0000330
0.0000495
0.0000495
0.0000413
0.0000165
0.0000206
0.0000041
0.0000165
0.0000330
0.0000083
0.0000083
0.0000660
0.0000578
0.0000660
0.0000701
0.0000990
0.0000454
0.0000990
0.0000495
0.0000330
0.0000330
0.0000949
0.0000165
0.0000206
0.0000495
0.0000289
0.0000371
0.0000578
0.0000660
0.0000289
0.0000990
0.0000248
0.0000990
0.0000495
0.0000330
0.0000413
0.0000825
0.0000454
0.0000371
0.0000536
0.0000124
0.0000289
0.0000371
0.0000619
0.0000330
0.0000371
0.0000495
0.0000454
0.0000083
0.0000165
0.0000330
0.0000248
0.0000330
0.0000578
0.0001031
0.0000165
0.0000413
0.0000495
0.0000041
0.0000083
0.0000248
0.0000289
0.0000289
0.0000454
0.0000330
0.0000289
0.0000248
0.0000578
0.0000289
0.0000371
0.0000454
0.0000330
0.0000660
0.0000248
0.0000660
0.0000289
0.0000454
0.0000495
0.0000413
0.0000413
0.0000578
0.0000165
0.0000825
0.0000248
0.0000413
0.0000124
0.0000495
0.0000536
0.0000743
0.0000495
0.0001031
0.0000454
0.0000454
0.0000495
0.0000784
0.0000248
0.0000536
0.0000289
0.0000083
0.0000206
0.0000371
0.0000248
0.0000784
0.0000536
0.0000083
0.0000041
0.0000495
0.0000165
0.0000908
0.0000619
0.0000578
0.0000330
0.0000578
0.0000289
0.0000371
0.0000413
0.0000536
0.0000330
0.0000701
0.0000701
0.0000330
0.0000165
0.0000248
0.0000165
0.0000660
0.0000083
0.0000536
0.0000908
0.0000248
0.0000289
0.0000495
0.0000536
0.0000371
0.0000413
0.0000413
0.0000413
0.0000413
0.0000454
0.0000454
0.0000866
0.0000619
0.0000413
0.0000124
0.0000289
0.0000825
0.0000083
0.0000660
0.0000660
0.0000165
0.0000454
0.0000536
0.0000165
0.0000330
0.0000578
0.0000701
0.0000124
0.0000701
0.0000619
0.0000454
0.0000619
0.0000784
0.0000248
0.0000289
0.0000165
0.0000825
0.0001073
0.0000330
0.0000289
0.0000578
0.0000454
0.0000289
0.0000578
0.0000660
0.0000371
0.0000289
0.0000165
0.0000990
0.0000413
0.0001073
0.0000825
0.0000660
0.0000330
0.0000330
0.0000289
0.0000495
0.0000495
0.0000701
0.0000371
0.0000866
0.0000743
0.0000413
0.0000660
0.0000701
0.0000701
0.0000165
0.0000495
0.0000371
0.0000371
0.0000536
0.0000413
0.0000495
0.0000289
0.0000743
0.0000413
0.0000371
0.0000000
0.0000289
0.0000413
0.0000413
0.0000660
0.0000206
0.0000371
0.0000825
0.0000536
0.0000248
0.0000578
0.0000454
0.0000371
0.0000165
0.0000413
0.0000660
0.0000495
0.0000660
0.0000990
0.0000949
0.0000619
0.0000124
0.0000454
0.0000660
0.0000206
0.0000495
0.0000578
0.0000041
0.0000371
0.0000165
0.0000454
0.0000289
0.0000371
0.0000371
0.0000495
0.0000660
0.0000660
0.0000248
0.0000454
0.0000413
0.0000413
0.0000330
0.0000371
0.0000660
0.0000289
0.0000248
0.0000495
0.0000536
0.0000248
0.0000413
0.0000495
0.0000289
0.0000413
0.0000536
0.0000413
0.0000248
0.0000371
0.0000701
0.0000330
0.0000578
0.0000495
0.0000371
0.0000536
0.0000206
0.0000495
0.0000454
0.0000495
0.0000371
0.0000330
0.0000495
0.0000413
0.0000289
0.0000536
0.0000371
0.0000413
0.0000454
0.0000165
0.0000495
0.0000289
0.0000289
0.0000248
0.0000289
0.0000165
0.0000041
0.0000536
0.0000371
0.0000908
0.0000289
0.0000619
0.0000124
0.0000619
0.0000248
0.0000701
0.0000330
0.0000413
0.0000206
0.0000578
0.0000371
0.0000536
0.0000495
0.0000330
0.0000330
0.0000825
0.0000248
0.0000248
0.0000454
0.0000743
0.0000454
0.0000248
0.0000619
0.0000371
0.0000908
0.0000495
0.0000495
0.0000371
0.0000743
0.0000206
0.0000165
0.0000660
0.0000165
0.0000454
0.0000784
0.0000371
0.0000165
0.0000371
0.0000454
0.0000371
0.0000330
0.0000248
0.0000495
0.0000165
0.0000660
0.0000743
0.0000536
0.0000371
0.0000413
0.0000330
0.0000495
0.0000330
0.0000413
0.0000371
0.0000206
0.0000454
0.0000371
0.0000578
0.0000371
0.0000289
0.0000248
0.0000330
0.0000536
0.0000289
0.0000083
0.0000701
0.0000289
0.0000206
0.0000371
0.0000330
0.0000248
0.0000330
0.0000454
0.0000248
0.0000330
0.0000041
0.0000413
0.0000165
0.0000289
0.0000083
0.0000206
0.0000165
0.0000165
0.0000454
0.0000165
0.0000495
0.0000165
0.0000413
0.0000165
0.0000495
0.0000289
0.0000206
0.0000330
0.0000495
0.0000578
0.0000413
0.0000165
0.0000371
0.0000248
0.0000165
0.0000495
0.0000041
0.0000330
0.0000330
0.0000413
0.0000206
0.0000165
0.0000330
0.0000248
0.0000083
0.0000124
0.0000083
0.0000289
0.0000206
0.0000454
0.0000413
0.0000454
0.0000495
0.0000124
0.0000041
0.0000536
0.0000413
0.0000124
0.0000413
0.0000536
0.0000206
0.0000248
0.0000206
0.0000495
0.0000371
0.0000413
0.0000289
0.0000578
0.0000124
0.0000371
0.0000495
0.0000413
0.0000413
0.0000330
0.0000619
0.0000000
0.0000495
0.0000330
0.0000619
0.0000289
0.0000371
0.0000165
0.0000248
0.0000536
0.0000124
0.0000330
0.0000330
0.0000289
0.0000041
0.0000206
0.0000578
0.0000536
0.0000825
0.0000289
0.0000289
0.0000454
0.0000413
0.0000454
0.0000248
0.0000165
0.0000330
0.0000289
0.0000371
0.0000908
0.0000495
0.0000660
0.0000083
0.0000083
0.0000165
0.0000206
0.0000124
0.0000165
0.0000041
0.0000413
0.0000083
0.0000536
0.0000248
0.0000206
0.0000165
0.0000165
0.0000289
0.0000413
0.0000413
0.0000413
0.0000536
0.0000165
0.0000248
0.0000206
0.0000330
0.0000124
0.0000371
0.0000454
0.0000165
0.0000206
0.0000454
0.0000124
0.0000289
0.0000165
0.0000165
0.0000743
0.0000206
0.0000578
0.0000371
0.0000330
0.0000371
0.0000289
0.0000454
0.0000330
0.0000330
0.0000495
0.0000206
0.0000371
0.0000330
0.0000536
0.0000124
0.0000206
0.0000330
0.0000289
0.0000165
0.0000165
0.0000330
0.0000165
0.0000165
0.0000495
0.0000206
0.0000619
0.0000660
0.0000578
0.0000743
0.0000289
0.0000330
0.0000495
0.0000165
0.0000083
0.0000165
0.0000371
0.0000165
0.0000289
0.0000330
0.0000165
0.0000330
0.0000495
0.0000495
0.0000495
0.0000578
0.0000578
0.0000165
0.0000289
0.0000330
0.0000248
0.0000330
0.0000454
0.0000124
0.0000165
0.0000206
0.0000330
0.0000289
0.0000701
0.0000371
0.0000248
0.0000371
0.0000330
0.0000165
0.0000248
0.0000660
0.0000248
0.0000908
0.0000330
0.0000330
0.0000743
0.0000248
0.0000041
0.0000124
0.0000165
0.0000454
0.0000289
0.0000413
0.0000000
0.0000495
0.0000165
0.0000165
0.0000330
0.0000330
0.0000371
0.0000165
0.0000701
0.0000413
0.0000495
0.0000289
0.0000206
0.0000330
0.0000124
0.0000660
0.0000248
0.0000495
0.0000083
0.0000371
0.0000289
0.0000371
0.0000041
0.0000330
0.0000248
0.0000165
0.0000083
0.0000743
0.0000413
0.0000495
0.0000289
0.0000165
0.0000495
0.0000289
0.0000248
0.0000165
0.0000124
0.0000578
0.0000330
0.0000165
0.0000165
0.0000165
0.0000660
0.0000413
0.0000536
0.0000041
0.0000165
0.0000330
0.0000330
0.0000083
0.0000330
0.0000206
0.0000124
0.0000248
0.0000165
0.0000371
0.0000330
0.0000041
0.0000165
0.0000083
0.0000536
0.0000248
0.0000083
0.0000454
0.0000619
0.0000165
0.0000330
0.0000165
0.0000495
0.0000660
0.0000330
0.0000165
0.0000165
0.0000330
0.0000454
0.0000619
0.0000413
0.0000248
0.0000495
0.0000206
0.0000578
0.0000165
0.0000165
0.0000248
0.0000165
0.0000206
0.0000371
0.0000165
0.0000495
0.0000495
0.0000041
0.0000330
0.0000413
0.0000041
0.0000454
0.0000413
0.0000536
0.0000248
0.0000330
0.0000206
0.0000701
0.0000413
0.0000165
0.0000083
0.0000206
0.0000248
0.0000371
0.0000124
0.0000041
0.0000371
0.0000289
0.0000165
0.0000578
0.0000289
0.0000495
0.0000041
0.0000206
0.0000248
0.0000206
0.0000248
0.0000330
0.0000289
0.0000413
0.0000330
0.0000495
0.0000371
0.0000165
0.0000165
0.0000413
0.0000083
0.0000330
0.0000330
0.0000124
0.0000124
0.0000206
0.0000165
0.0000413
0.0000578
0.0000165
0.0000330
0.0000495
0.0000495
0.0000248
0.0000165
0.0000330
0.0000206
0.0000083
0.0000165
0.0000330
0.0000165
0.0000536
0.0001114
0.0000371
0.0000289
0.0000165
0.0000289
0.0000495
0.0000124
0.0000536
0.0000454
0.0000206
0.0000206
0.0000536
0.0000371
0.0000248
0.0000454
0.0000413
0.0000454
0.0000124
0.0000206
0.0000248
0.0000165
0.0000165
0.0000330
0.0000495
0.0000784
0.0000330
0.0000289
0.0000371
0.0000454
0.0000495
0.0000041
0.0000371
0.0000371
0.0000041
0.0000578
0.0000413
0.0000371
0.0000536
0.0000413
0.0000578
0.0000041
0.0000165
0.0000495
0.0000743
0.0000206
0.0000536
0.0000206
0.0000413
0.0000413
0.0000371
0.0000165
0.0000330
0.0000124
0.0000413
0.0000083
0.0000206
0.0000289
0.0000413
0.0000784
0.0000454
0.0000330
0.0000124
0.0000330
0.0000371
0.0000289
0.0000289
0.0000330
0.0000454
0.0000619
0.0000248
0.0000330
0.0000454
0.0000619
0.0000041
0.0000289
0.0000413
0.0000124
0.0000206
0.0000371
0.0000413
0.0000371
0.0000371
0.0000371
0.0000495
0.0000330
0.0000495
0.0000413
0.0000454
0.0000495
0.0000165
0.0000701
0.0000248
0.0000413
0.0000495
0.0000083
0.0000206
0.0000330
0.0000248
0.0000536
0.0000454
0.0000454
0.0000454
0.0000124
0.0000165
0.0000289
0.0000495
0.0000165
0.0000248
0.0000165
0.0000289
0.0000124
0.0000371
0.0000165
0.0000413
0.0000371
0.0000248
0.0000083
0.0000248
0.0000289
0.0000371
0.0000041
0.0000371
0.0000330
0.0000660
0.0000413
0.0000206
0.0000330
0.0000330
0.0000248
0.0001196
0.0000124
0.0000536
0.0000248
0.0000206
0.0000660
0.0000165
0.0000371
0.0000165
0.0000124
0.0000083
0.0000165
0.0000248
0.0000495
0.0000330
0.0000289
0.0000454
0.0000165
0.0000165
0.0000413
0.0000083
0.0000248
0.0000206
0.0000289
0.0000248
0.0000413
0.0000454
0.0000124
0.0000083
0.0000206
0.0000165
0.0000330
0.0000124
0.0000165
0.0000413
0.0000454
0.0000165
0.0000454
0.0000124
0.0000536
0.0000330
0.0000495
0.0000536
0.0000578
0.0000454
0.0000330
0.0000371
0.0000206
0.0000248
0.0000330
0.0000330
0.0000536
0.0000454
0.0000330
0.0000495
0.0000454
0.0000165
0.0000165
0.0000413
0.0000330
0.0000165
0.0000165
0.0000413
0.0000206
0.0000083
0.0000371
0.0000371
0.0000330
0.0000784
0.0000289
0.0000248
0.0000536
0.0000206
0.0000330
0.0000165
0.0000165
0.0000413
0.0000165
0.0000536
0.0000536
0.0000248
0.0000000
0.0000206
0.0000289
0.0000083
0.0000000
0.0000124
0.0000289
0.0000701
0.0000371
0.0000206
0.0000330
0.0000165
0.0000248
0.0000248
0.0000165
0.0000413
0.0000454
0.0000248
0.0000495
0.0000165
0.0000330
0.0000495
0.0000371
0.0000371
0.0000206
0.0000248
0.0000701
0.0000495
0.0000124
0.0000289
0.0000413
0.0000330
0.0000289
0.0000330
0.0000165
0.0000083
0.0000124
0.0000619
0.0000330
0.0000536
0.0000660
0.0000083
0.0000413
0.0000124
0.0000206
0.0000248
0.0000248
0.0000165
0.0000413
0.0000289
0.0000248
0.0000578
0.0000165
0.0000619
0.0000248
0.0000289
0.0000206
0.0000413
0.0000289
0.0000908
0.0000908
0.0000371
0.0000165
0.0000289
0.0000165
0.0000206
0.0000784
0.0000413
0.0000165
0.0000371
0.0000660
0.0000165
0.0000248
0.0000413
0.0000289
0.0000289
0.0000371
0.0000495
0.0000619
0.0000413
0.0000289
0.0000536
0.0000289
0.0000083
0.0000330
0.0000330
0.0000495
0.0000495
0.0000330
0.0000330
0.0000330
0.0000330
0.0000371
0.0000536
0.0000165
0.0000124
0.0000206
0.0000165
0.0000124
0.0000289
0.0000165
0.0000165
0.0000536
0.0000495
0.0000619
0.0000289
0.0000495
0.0000330
0.0000454
0.0000413
0.0000083
0.0000248
0.0000371
0.0000330
0.0000206
0.0000165
0.0000578
0.0000660
0.0000248
0.0000454
0.0000330
0.0000165
0.0000495
0.0000000
0.0000413
0.0000289
0.0000619
0.0000330
0.0000206
0.0000289
0.0000371
0.0000165
0.0000413
0.0000619
0.0000454
0.0000536
0.0000578
0.0000206
0.0000371
0.0000206
0.0000248
0.0000743
0.0000248
0.0000371
0.0000289
0.0000866
0.0000289
0.0000248
0.0000165
0.0000165
0.0000330
0.0000289
0.0000206
0.0000495
0.0000248
0.0000206
0.0000289
0.0000165
0.0000165
0.0000206
0.0000578
0.0000413
0.0000289
0.0000536
0.0000495
0.0000495
0.0000371
0.0000536
0.0000454
0.0000165
0.0000825
0.0000330
0.0000206
0.0000124
0.0000041
0.0000248
0.0000495
0.0000248
0.0000825
0.0000371
0.0000330
0.0000165
0.0000206
0.0000289
0.0000248
0.0000206
0.0000165
0.0000165
0.0000784
0.0000743
0.0000248
0.0000330
0.0000165
0.0000206
0.0000206
0.0000206
0.0000206
0.0000165
0.0000165
0.0000165
0.0000248
0.0000165
0.0000495
0.0000495
0.0000413
0.0000165
0.0000371
0.0000330
0.0000495
0.0000371
0.0000289
0.0000165
0.0000330
0.0000330
0.0000371
0.0000248
0.0000454
0.0000371
0.0000495
0.0000083
0.0000206
0.0000124
0.0000330
0.0000330
0.0000206
0.0000454
0.0000371
0.0000330
0.0000454
0.0000413
0.0000206
0.0000206
0.0000330
0.0000248
0.0000289
0.0000536
0.0000701
0.0000371
0.0000289
0.0000289
0.0000330
0.0000248
0.0000248
0.0000206
0.0000619
0.0000371
0.0000454
0.0000454
0.0000248
0.0000619
0.0000206
0.0000124
0.0000289
0.0000330
0.0000165
0.0000330
0.0000083
0.0000165
0.0000454
0.0000165
0.0000206
0.0000536
0.0000371
0.0000413
0.0000165
0.0000495
0.0000619
0.0000289
0.0000248
0.0000289
0.0000206
0.0000495
0.0000206
0.0000454
0.0000495
0.0000165
0.0000165
0.0000454
0.0000413
0.0000371
0.0000413
0.0000206
0.0000248
0.0000619
0.0000330
0.0000165
0.0000165
0.0000165
0.0000413
0.0000743
0.0000371
0.0000165
0.0000413
0.0000454
0.0000330
0.0000330
0.0000454
0.0000413
0.0000371
0.0000454
0.0000413
0.0000165
0.0000330
0.0000660
0.0000784
0.0000289
0.0000330
0.0000289
0.0000454
0.0000248
0.0000495
0.0000413
0.0000454
0.0000248
0.0000330
0.0000495
0.0000330
0.0000413
0.0000248
0.0000330
0.0000165
0.0000330
0.0000206
0.0000165
0.0000289
0.0000165
0.0000660
0.0000701
0.0000330
0.0000413
0.0000454
0.0000330
0.0000289
0.0000083
0.0000536
0.0000206
0.0000413
0.0000165
0.0000371
0.0000248
0.0000371
0.0000330
0.0000289
0.0000165
0.0000495
0.0000330
0.0000454
0.0000289
0.0000660
0.0000454
0.0000206
0.0000165
0.0000165
0.0000124
0.0000330
0.0000578
0.0000701
0.0000165
0.0000495
0.0000248
0.0000495
0.0000206
0.0000206
0.0000289
0.0000495
0.0000495
0.0000330
0.0000248
0.0000371
0.0000124
0.0000371
0.0000330
0.0000330
0.0000371
0.0000825
0.0000536
0.0000330
0.0000165
0.0000165
0.0000206
0.0000495
0.0000165
0.0000165
0.0000371
0.0000041
0.0000619
0.0000454
0.0000165
0.0000165
0.0000330
0.0000248
0.0000495
0.0000165
0.0000165
0.0000495
0.0000165
0.0000165
0.0000248
0.0000041
0.0000165
0.0000206
0.0000248
0.0000165
0.0000041
0.0000165
0.0000206
0.0000165
0.0000536
0.0000371
0.0000536
0.0000413
0.0000000
0.0000165
0.0000536
0.0000165
0.0000330
0.0000165
0.0000165
0.0000248
0.0000289
0.0000330
0.0000248
0.0000248
0.0000371
0.0000165
0.0000289
0.0000330
0.0000124
0.0000165
0.0000495
0.0000330
0.0000330
0.0000165
0.0000454
0.0000041
0.0000083
0.0000289
0.0000330
0.0000165
0.0000289
0.0000206
0.0000083
0.0000248
0.0000289
0.0000289
0.0000165
0.0000124
0.0000536
0.0000165
0.0000083
0.0000041
0.0000495
0.0000330
0.0000165
0.0000083
0.0000495
0.0000083
0.0000165
0.0000248
0.0000248
0.0000289
0.0000165
0.0000330
0.0000248
0.0000289
0.0000330
0.0000289
0.0000371
0.0000371
0.0000206
0.0000124
0.0000041
0.0000206
0.0000495
0.0000248
0.0000041
0.0000165
0.0000165
0.0000165
0.0000289
0.0000289
0.0000165
0.0000330
0.0000289
0.0000413
0.0000165
0.0000165
0.0000454
0.0000206
0.0000289
0.0000371
0.0000371
0.0000083
0.0000041
0.0000083
0.0000124
0.0000165
0.0000206
0.0000454
0.0000165
0.0000330
0.0000495
0.0000495
0.0000248
0.0000289
0.0000165
0.0000330
0.0000165
0.0000041
0.0000165
0.0000083
0.0000248
0.0000041
0.0000578
0.0000330
0.0000413
0.0000289
0.0000248
0.0000289
0.0000206
0.0000289
0.0000495
0.0000124
0.0000083
0.0000165
0.0000124
0.0000536
0.0000330
0.0000206
0.0000165
0.0000206
0.0000206
0.0000371
0.0000330
0.0000248
0.0000206
0.0000248
0.0000413
0.0000330
0.0000206
0.0000206
0.0000289
0.0000083
0.0000330
0.0000536
0.0000248
0.0000330
0.0000206
0.0000165
0.0000330
0.0000371
0.0000124
0.0000083
0.0000289
0.0000206
0.0000536
0.0000248
0.0000083
0.0000454
0.0000248
0.0000330
0.0000206
0.0000124
0.0000495
0.0000248
0.0000660
0.0000248
0.0000330
0.0000041
0.0000289
0.0000124
0.0000248
0.0000330
0.0000083
0.0000041
0.0000330
0.0000206
0.0000206
0.0000165
0.0000206
0.0000330
0.0000371
0.0000454
0.0000454
0.0000330
0.0000124
0.0000289
0.0000083
0.0000454
0.0000248
0.0000289
0.0000454
0.0000825
0.0000165
0.0000248
0.0000660
0.0000495
0.0000495
0.0000248
0.0000578
0.0000248
0.0000083
0.0000165
0.0000165
0.0000165
0.0000165
0.0000165
0.0000165
0.0000248
0.0000083
0.0000124
0.0000165
0.0000165
0.0000165
0.0000330
0.0000206
0.0000371
0.0000330
0.0000248
0.0000248
0.0000041
0.0000124
0.0000206
0.0000083
0.0000165
0.0000289
0.0000206
0.0000165
0.0000206
0.0000083
0.0000083
0.0000206
0.0000206
0.0000083
0.0000330
0.0000330
0.0000536
0.0000165
0.0000330
0.0000413
0.0000413
0.0000083
0.0000248
0.0000124
0.0000000
0.0000165
0.0000248
0.0000041
0.0000041
0.0000206
0.0000124
0.0000248
0.0000165
0.0000165
0.0000289
0.0000206
0.0000165
0.0000083
0.0000289
0.0000041
0.0000495
0.0000165
0.0000000
0.0000619
0.0000495
0.0000495
0.0000330
0.0000041
0.0000041
0.0000248
0.0000578
0.0000495
0.0000206
0.0000165
0.0000165
0.0000165
0.0000206
0.0000165
0.0000041
0.0000371
0.0000330
0.0000330
0.0000083
0.0000330
0.0000495
0.0000330
0.0000330
0.0000041
0.0000083
0.0000248
0.0000454
0.0000000
0.0000165
0.0000165
0.0000165
0.0000248
0.0000330
0.0000206
0.0000784
0.0000289
0.0000289
0.0000454
0.0000248
0.0000165
0.0000206
0.0000206
0.0000289
0.0000371
0.0000330
0.0000041
0.0000248
0.0000083
0.0000165
0.0000289
0.0000165
0.0000165
0.0000330
0.0000000
0.0000083
0.0000330
0.0000041
0.0000330
0.0000165
0.0000248
0.0000206
0.0000248
0.0000330
0.0000124
0.0000083
0.0000165
0.0000454
0.0000578
0.0000330
0.0000289
0.0000371
0.0000165
0.0000083
0.0000454
0.0000083
0.0000371
0.0000330
0.0000124
0.0000248
0.0000454
0.0000165
0.0000289
0.0000041
0.0000330
0.0000124
0.0000206
0.0000248
0.0000289
0.0000248
0.0000206
0.0000413
0.0000083
0.0000165
0.0000454
0.0000495
0.0000206
0.0000165
0.0000330
0.0000206
0.0000330
0.0000124
0.0000330
0.0000330
0.0000248
0.0000083
0.0000330
0.0000165
0.0000165
0.0000330
0.0000165
0.0000041
0.0000701
0.0000041
0.0000454
0.0000206
0.0000165
0.0000289
0.0000495
0.0000165
0.0000165
0.0000165
0.0000083
0.0000165
0.0000289
0.0000165
0.0000330
0.0000165
0.0000165
0.0000413
0.0000165
0.0000206
0.0000041
0.0000330
0.0000206
0.0000248
0.0000495
0.0000165
0.0000371
0.0000454
0.0000165
0.0000248
0.0000206
0.0000248
0.0000371
0.0000124
0.0000165
0.0000083
0.0000330
0.0000495
0.0000248
0.0000165
0.0000165
0.0000165
0.0000248
0.0000206
0.0000041
0.0000083
0.0000248
0.0000495
0.0000289
0.0000495
0.0000083
0.0000413
0.0000165
0.0000000
0.0000000
0.0000330
0.0000248
0.0000206
0.0000248
0.0000165
0.0000165
0.0000165
0.0000495
0.0000165
0.0000371
0.0000165
0.0000206
0.0000206
0.0000165
0.0000330
0.0000371
0.0000371
0.0000248
0.0000206
0.0000454
0.0000371
0.0000041
0.0000495
0.0000248
0.0000165
0.0000413
0.0000330
0.0000289
0.0000289
0.0000041
0.0000165
0.0000206
0.0000041
0.0000248
0.0000743
0.0000536
0.0000536
0.0000041
0.0000248
0.0000165
0.0000165
0.0000578
0.0000083
0.0000165
0.0000124
0.0000248
0.0000000
0.0000083
0.0000825
0.0000206
0.0000371
0.0000495
0.0000000
0.0000000
0.0000124
0.0000289
0.0000454
0.0000248
0.0000165
0.0000330
0.0000454
0.0000041
0.0000413
0.0000248
0.0000413
0.0000371
0.0000165
0.0000248
0.0000330
0.0000330
0.0000165
0.0000165
0.0000330
0.0000248
0.0000083
0.0000330
0.0000495
0.0000083
0.0000206
0.0000371
0.0000330
0.0000578
0.0000124
0.0000371
0.0000495
0.0000289
0.0000248
0.0000206
0.0000578
0.0000165
0.0000124
0.0000165
0.0000165
0.0000165
0.0000330
0.0000330
0.0000371
0.0000248
0.0000371
0.0000413
0.0000041
0.0000330
0.0000495
0.0000289
0.0000165
0.0000536
0.0000413
0.0000165
0.0000165
0.0000041
0.0000206
0.0000041
0.0000083
0.0000124
0.0000083
0.0000165
0.0000454
0.0000289
0.0000330
0.0000619
0.0000825
0.0000206
0.0000248
0.0000495
0.0000495
0.0000248
0.0000083
0.0000124
0.0000165
0.0000371
0.0000041
0.0000206
0.0000454
0.0000248
0.0000165
0.0000165
0.0000165
0.0000248
0.0000165
0.0000206
0.0000165
0.0000495
0.0000165
0.0000454
0.0000248
0.0000371
0.0000165
0.0000454
0.0000165
0.0000165
0.0000124
0.0000289
0.0000454
0.0000371
0.0000330
0.0000289
0.0000165
0.0000041
0.0000206
0.0000165
0.0000165
0.0000289
0.0000495
0.0000206
0.0000083
0.0000330
0.0000041
0.0000124
0.0000495
0.0000165
0.0000206
0.0000330
0.0000371
0.0000206
0.0000330
0.0000289
0.0000165
0.0000371
0.0000536
0.0000495
0.0000206
0.0000041
0.0000165
0.0000206
0.0000124
0.0000289
0.0000083
0.0000330
0.0000041
0.0000000
0.0000536
0.0000206
0.0000165
0.0000165
0.0000165
0.0000248
0.0000165
0.0000289
0.0000041
0.0000041
0.0000165
0.0000371
0.0000041
0.0000083
0.0000206
0.0000000
0.0000165
0.0000371
0.0000165
0.0000206
0.0000124
0.0000330
0.0000371
0.0000041
0.0000289
0.0000784
0.0000536
0.0000248
0.0000248
0.0000124
0.0000413
0.0000619
0.0000165
0.0000124
0.0000165
0.0000330
0.0000371
0.0000248
0.0000289
0.0000701
0.0000248
0.0000165
0.0000330
0.0000495
0.0000454
0.0000330
0.0000083
0.0000454
0.0000124
0.0000083
0.0000083
0.0000041
0.0000165
0.0000083
0.0000330
0.0000041
0.0000413
0.0000248
0.0000495
0.0000289
0.0000165
0.0000206
0.0000041
0.0000083
0.0000371
0.0000041
0.0000083
0.0000041
0.0000371
0.0000289
0.0000248
0.0000248
0.0000165
0.0000536
0.0000289
0.0000206
0.0000083
0.0000248
0.0000371
0.0000289
0.0000041
0.0000330
0.0000289
0.0000289
0.0000165
0.0000165
0.0000289
0.0000083
0.0000041
0.0000083
0.0000289
0.0000206
0.0000578
0.0000165
0.0000495
0.0000165
0.0000330
0.0000619
0.0000330
0.0000413
0.0000041
0.0000289
0.0000371
0.0000330
0.0000248
0.0000289
0.0000083
0.0000413
0.0000206
0.0000206
0.0000330
0.0000248
0.0000165
0.0000083
0.0000289
0.0000165
0.0000413
0.0000124
0.0000206
0.0000041
0.0000124
0.0000495
0.0000124
0.0000495
0.0000165
0.0000083
0.0000165
0.0000330
0.0000495
0.0000165
0.0000206
0.0000206
0.0000413
0.0000206
0.0000165
0.0000330
0.0000495
0.0000206
0.0000206
0.0000206
0.0000083
0.0000248
0.0000165
0.0000660
0.0000495
0.0000206
0.0000578
0.0000165
0.0000495
0.0000083
0.0000454
0.0000206
0.0000784
0.0000660
0.0000124
0.0000124
0.0000495
0.0000206
0.0000041
0.0000000
0.0000165
0.0000289
0.0000330
0.0000330
0.0000578
0.0000206
0.0000124
0.0000206
0.0000495
0.0000165
0.0000413
0.0000248
0.0000083
0.0000536
0.0000248
0.0000330
0.0000413
0.0000536
0.0000165
0.0000165
0.0000165
0.0000124
0.0000206
0.0000124
0.0000165
0.0000660
0.0000124
0.0000289
0.0000083
0.0000165
0.0000248
0.0000041
0.0000124
0.0000289
0.0000289
0.0000041
0.0000330
0.0000371
0.0000165
0.0000248
0.0000330
0.0000289
0.0000206
0.0000289
0.0000165
0.0000248
0.0000124
0.0000248
0.0000206
0.0000083
0.0000371
0.0000206
0.0000083
0.0000124
0.0000495
0.0000165
0.0000454
0.0000041
0.0000248
0.0000371
0.0000206
0.0000330
0.0000165
0.0000083
0.0000124
0.0000413
0.0000248
0.0000083
0.0000330
0.0000083
0.0000248
0.0000083
0.0000083
0.0000206
0.0000206
0.0000619
0.0000536
0.0000165
0.0000165
0.0000165
0.0000371
0.0000165
0.0000371
0.0000206
0.0000289
0.0000289
0.0000206
0.0000165
0.0000041
0.0000330
0.0000248
0.0000248
0.0000206
0.0000248
0.0000206
0.0000371
0.0000041
0.0000041
0.0000041
0.0000000
0.0000083
0.0000206
0.0000165
0.0000248
0.0000289
0.0000289
0.0000165
0.0000083
0.0000330
0.0000206
0.0000165
0.0000371
0.0000330
0.0000083
0.0000165
0.0000083
0.0000330
0.0000165
0.0000206
0.0000248
0.0000330
0.0000454
0.0000371
0.0000206
0.0000206
0.0000743
0.0000083
0.0000454
0.0000000
0.0000124
0.0000248
0.0000495
0.0000248
0.0000124
0.0000165
0.0000083
0.0000206
0.0000289
0.0000371
0.0000165
0.0000330
0.0000083
0.0000165
0.0000371
0.0000041
0.0000165
0.0000289
0.0000083
0.0000083
0.0000206
0.0000165
0.0000330
0.0000083
0.0000330
0.0000165
0.0000206
0.0000165
0.0000289
0.0000413
0.0000248
0.0000165
0.0000041
0.0000041
0.0000330
0.0000371
0.0000083
0.0000330
0.0000206
0.0000165
0.0000248
0.0000495
0.0000083
0.0000165
0.0000413
0.0000206
0.0000330
0.0000083
0.0000454
0.0000248
0.0000371
0.0000248
0.0000536
0.0000371
0.0000454
0.0000536
0.0000165
0.0000454
0.0000289
0.0000330
0.0000371
0.0000083
0.0000124
0.0000206
0.0000330
0.0000413
0.0000124
0.0000165
0.0000330
0.0000124
0.0000165
0.0000330
0.0000206
0.0000206
0.0000454
0.0000248
0.0000165
0.0000371
0.0000248
0.0000371
0.0000000
0.0000083
0.0000083
0.0000165
0.0000165
0.0000248
0.0000165
0.0000289
0.0000495
0.0000206
0.0000165
0.0000083
0.0000124
0.0000206
0.0000206
0.0000536
0.0000289
0.0000371
0.0000083
0.0000454
0.0000124
0.0000206
0.0000124
0.0000495
0.0000413
0.0000289
0.0000083
0.0000083
0.0000083
0.0000495
0.0000330
0.0000165
0.0000330
0.0000248
0.0000000
0.0000165
0.0000413
0.0000495
0.0000330
0.0000289
0.0000083
0.0000536
0.0000330
0.0000330
0.0000330
0.0000083
0.0000206
0.0000619
0.0000165
0.0000165
0.0000330
0.0000371
0.0000041
0.0000206
0.0000083
0.0000248
0.0000041
0.0000248
0.0000330
0.0000083
0.0000206
0.0000165
0.0000165
0.0000165
0.0000289
0.0000248
0.0000330
0.0000289
0.0000289
0.0000413
0.0000165
0.0000248
0.0000083
0.0000495
0.0000165
0.0000165
0.0000248
0.0000206
0.0000248
0.0000124
0.0000330
0.0000413
0.0000165
0.0000124
0.0000041
0.0000041
0.0000206
0.0000165
0.0000165
0.0000165
0.0000289
0.0000330
0.0000371
0.0000124
0.0000248
0.0000248
0.0000371
0.0000083
0.0000413
0.0000206
0.0000454
0.0000165
0.0000248
0.0000083
0.0000165
0.0000124
0.0000289
0.0000330
0.0000413
0.0000124
0.0000248
0.0000289
0.0000041
0.0000206
0.0000536
0.0000000
0.0000041
0.0000248
0.0000206
0.0000413
0.0000825
0.0000743
0.0000248
0.0000495
0.0000000
0.0000495
0.0000248
0.0000206
0.0000124
0.0000165
0.0000330
0.0000289
0.0000206
0.0000289
0.0000083
0.0000206
0.0000165
0.0000165
0.0000206
0.0000330
0.0000165
0.0000165
0.0000165
0.0000330
0.0000165
0.0000124
0.0000454
0.0000495
0.0000413
0.0000041
0.0000330
0.0000330
0.0000165
0.0000000
0.0000000
0.0000289
0.0000083
0.0000124
0.0000000
0.0000248
0.0000206
0.0000041
0.0000041
0.0000206
0.0000413
0.0000330
0.0000248
0.0000289
0.0000041
0.0000041
0.0000330
0.0000330
0.0000083
0.0000330
0.0000371
0.0000124
0.0000165
0.0000165
0.0000041
0.0000165
0.0000495
0.0000330
0.0000330
0.0000165
0.0000371
0.0000083
0.0000371
0.0000165
0.0000083
0.0000165
0.0000330
0.0000083
0.0000289
0.0000206
0.0000248
0.0000165
0.0000165
0.0000248
0.0000248
0.0000165
0.0000413
0.0000248
0.0000619
0.0000041
0.0000495
0.0000330
0.0000083
0.0000248
0.0000289
0.0000536
0.0000165
0.0000206
0.0000454
0.0000248
0.0000000
0.0000289
0.0000330
0.0000289
0.0000330
0.0000330
0.0000248
0.0000289
0.0000165
0.0000536
0.0000165
0.0000330
0.0000248
0.0000083
0.0000165
0.0000248
0.0000248
0.0000165
0.0000289
0.0000289
0.0000330
0.0000330
0.0000330
0.0000165
0.0000165
0.0000124
0.0000041
0.0000083
0.0000454
0.0000248
0.0000825
0.0000041
0.0000083
0.0000248
0.0000041
0.0000206
0.0000165
0.0000165
0.0000165
0.0000206
0.0000413
0.0000289
0.0000413
0.0000165
0.0000495
0.0000206
0.0000371
0.0000248
0.0000536
0.0000000
0.0000330
0.0000495
0.0000206
0.0000124
0.0000165
0.0000083
0.0000000
0.0000000
0.0000165
0.0000330
0.0000330
0.0000289
0.0000289
0.0000289
0.0000330
0.0000330
0.0000248
0.0000289
0.0000124
0.0000248
0.0000990
0.0000248
0.0000289
0.0000289
0.0000413
0.0000165
0.0000330
0.0000248
0.0000495
0.0000495
0.0000124
0.0000124
0.0000124
0.0000289
0.0000371
0.0000289
0.0000371
0.0000413
0.0000371
0.0000165
0.0000165
0.0000289
0.0000330
0.0000248
0.0000165
0.0000041
0.0000206
0.0000165
0.0000371
0.0000206
0.0000454
0.0000248
0.0000165
0.0000371
0.0000330
0.0000165
0.0000289
0.0000165
0.0000165
0.0000000
0.0000413
0.0000289
0.0000206
0.0000124
0.0000041
0.0000289
0.0000413
0.0000289
0.0000248
0.0000330
0.0000041
0.0000165
0.0000371
0.0000289
0.0000248
0.0000248
0.0000330
0.0000330
0.0000330
0.0000330
0.0000248
0.0000248
0.0000330
0.0000454
0.0000248
0.0000248
0.0000413
0.0000206
0.0000289
0.0000289
0.0000206
0.0000536
0.0000124
0.0000330
0.0000330
0.0000083
0.0000165
0.0000413
0.0000371
0.0000083
0.0000454
0.0000165
0.0000165
0.0000454
0.0000083
0.0000330
0.0000124
0.0000206
0.0000330
0.0000495
0.0000289
0.0000330
0.0000248
0.0000413
0.0000165
0.0000041
0.0000330
0.0000083
0.0000248
0.0000206
0.0000165
0.0000371
0.0000165
0.0000206
0.0000289
0.0000330
0.0000165
0.0000206
0.0000165
0.0000165
0.0000165
0.0000165
0.0000165
0.0000124
0.0000165
0.0000289
0.0000083
0.0000041
0.0000083
0.0000124
0.0000206
0.0000165
0.0000165
0.0000536
0.0000165
0.0000578
0.0000371
0.0000371
0.0000289
0.0000289
0.0000248
0.0000206
0.0000165
0.0000165
0.0000165
0.0000165
0.0000165
0.0000165
0.0000165
0.0000495
0.0000165
0.0000165
0.0000165
0.0000165
0.0000165
0.0000165
0.0000165
0.0000165
0.0000165
0.0000165
0.0000165
0.0000165
0.0000165
0.0000165
0.0000165
0.0000165
0.0000165
0.0000165
0.0000165
0.0000165
0.0000165
0.0000165
0.0000330
0.0000248
0.0000371
0.0000206
0.0000454
0.0000165
0.0000495
0.0000165
0.0000289
0.0000578
0.0000248
0.0000083
0.0000454
0.0000371
0.0000454
0.0000206
0.0000413
0.0000165
0.0000330
0.0000165
0.0000083
0.0000041
0.0000330
0.0000165
0.0000124
0.0000413
0.0000165
0.0000206
0.0000289
0.0000248
0.0000413
0.0000248
0.0000165
0.0000206
0.0000248
0.0000165
0.0000165
0.0000289
0.0000165
0.0000124
0.0000330
0.0000330
0.0000165
0.0000413
0.0000330
0.0000289
0.0000248
0.0000289
0.0000289
0.0000413
0.0000165
0.0000165
0.0000165
0.0000289
0.0000248
0.0000165
0.0000165
0.0000248
0.0000165
0.0000165
0.0000206
0.0000165
0.0000165
0.0000206
0.0000413
0.0000206
0.0000413
0.0000165
0.0000330
0.0000330
0.0000165
0.0000165
0.0000165
0.0000165
0.0000165
0.0000165
0.0000165
0.0000165
0.0000206
0.0000536
0.0000536
0.0000660
0.0000248
0.0000165
0.0000165
0.0000165
0.0000165
0.0000083
0.0000041
0.0000990
0.0000248
0.0000371
0.0000330
0.0000536
0.0000206
0.0000536
0.0000330
0.0000289
0.0000248
0.0000165
0.0000165
0.0000165
0.0000165
0.0000165
0.0000165
0.0000165
0.0000165
0.0000165
0.0000165
0.0000165
0.0000165
0.0000165
0.0000165
0.0000165
0.0000330
0.0000371
0.0000248
0.0000206
0.0000289
0.0000330
0.0000248
0.0000248
0.0000248
0.0000165
0.0000289
0.0000165
0.0000371
0.0000165
0.0000165
0.0000248
0.0000330
0.0000206
0.0000165
0.0000165
0.0000165
0.0000165
0.0000165
0.0000413
0.0000330
0.0000165
0.0000165
0.0000330
0.0000165
0.0000206
0.0000330
0.0000165
0.0000413
0.0000330
0.0000536
0.0000289
0.0000248
0.0000289
0.0000041
0.0000248
0.0000165
0.0000165
0.0000165
0.0000165
0.0000248
0.0000248
0.0000165
0.0000165
0.0000165
0.0000083
0.0000248
0.0000165
0.0000165
0.0000289
0.0000165
0.0000165
0.0000165
0.0000165
0.0000165
0.0000330
0.0000165
0.0000165
0.0000165
0.0000165
0.0000165
0.0000165
0.0000536
0.0000413
0.0000371
0.0000124
0.0000083
0.0000165
0.0000165
0.0000206
0.0000289
0.0000330
0.0000371
0.0000248
0.0000371
0.0000330
0.0000165
0.0000165
0.0000165
0.0000248
0.0000165
0.0000165
0.0000206
0.0000206
0.0000454
0.0000206
0.0000289
0.0000454
0.0000206
0.0000371
0.0000248
0.0000619
0.0000165
0.0000248
0.0000371
0.0000413
0.0000371
0.0000289
0.0000165
0.0000165
0.0000041
0.0000165
0.0000248
0.0000248
0.0000165
0.0000165
0.0000206
0.0000165
0.0000083
0.0000124
0.0000165
0.0000206
0.0000165
0.0000165
0.0000454
0.0000371
0.0000454
0.0000165
0.0000206
0.0000248
0.0000165
0.0000165
0.0000330
0.0000165
0.0000454
0.0000206
0.0000206
0.0000165
0.0000330
0.0000371
0.0000165
0.0000165
0.0000206
0.0000206
0.0000165
0.0000248
0.0000206
0.0000165
0.0000206
0.0000165
0.0000330
0.0000165
0.0000206
0.0000289
0.0000371
0.0000165
0.0000165
0.0000248
0.0000165
0.0000248
0.0000165
0.0000578
0.0000413
0.0000165
0.0000165
0.0000165
0.0000165
0.0000413
0.0000165
0.0000206
0.0000248
0.0000165
0.0000330
0.0000165
0.0000165
0.0000206
0.0000165
0.0000165
0.0000206
0.0000206
0.0000454
0.0000248
0.0000330
0.0000165
0.0000165
0.0000206
0.0000165
0.0000330
0.0000083
0.0000165
0.0000206
0.0000165
0.0000165
0.0000165
0.0000206
0.0000165
0.0000165
0.0000330
0.0000289
0.0000371
0.0000206
0.0000206
0.0000165
0.0000330
0.0000619
0.0000165
0.0000165
0.0000165
0.0000206
0.0000165
0.0000165
0.0000165
0.0000371
0.0000165
0.0000165
0.0000165
0.0000165
0.0000083
0.0000165
0.0000248
0.0000083
0.0000165
0.0000165
0.0000165
0.0000165
0.0000165
0.0000413
0.0000248
0.0000206
0.0000289
0.0000165
0.0000165
0.0000289
0.0000083
0.0000165
0.0000165
0.0000165
0.0000248
0.0000206
0.0000248
0.0000413
0.0000248
0.0000165
0.0000165
0.0000165
0.0000165
0.0000165
0.0000165
0.0000165
0.0000248
0.0000330
0.0000165
0.0000165
0.0000165
0.0000165
0.0000083
0.0000165
0.0000165
0.0000165
0.0000289
0.0000454
0.0000206
0.0000165
0.0000206
0.0000371
0.0000289
0.0000248
0.0000289
0.0000206
0.0000495
0.0000041
0.0000083
0.0000330
0.0000495
0.0000248
0.0000165
0.0000371
0.0000454
0.0000206
0.0000206
0.0000248
0.0000248
0.0000289
0.0000413
0.0000454
0.0000413
0.0000495
0.0000165
0.0000289
0.0000206
0.0000124
0.0000289
0.0000206
0.0000495
0.0000165
0.0000701
0.0000165
0.0000330
0.0000660
0.0000454
0.0000206
0.0000165
0.0000165
0.0000165
0.0000165
0.0000413
0.0000165
0.0000165
0.0000165
0.0000371
0.0000248
0.0000165
0.0000330
0.0000165
0.0000578
0.0000454
0.0000165
0.0000289
0.0000248
0.0000206
0.0000206
0.0000124
0.0000165
0.0000330
0.0000165
0.0000330
0.0000165
0.0000165
0.0000165
0.0000165
0.0000619
0.0000206
0.0000165
0.0000165
0.0000289
0.0000165
0.0000041
0.0000743
0.0000124
0.0000083
0.0000206
0.0000165
0.0000165
0.0000289
0.0000165
0.0000248
0.0000041
0.0000165
0.0000124
0.0000165
0.0000330
0.0000248
0.0000165
0.0000165
0.0000165
0.0000454
0.0000371
0.0000165
0.0000289
0.0000165
0.0000165
0.0000248
0.0000165
0.0000165
0.0000165
0.0000165
0.0000165
0.0000330
0.0000206
0.0000165
0.0000413
0.0000083
0.0000248
0.0000165
0.0000330
0.0000165
0.0000330
0.0000289
0.0000165
0.0000165
0.0000165
0.0000330
0.0000165
0.0000371
0.0000206
0.0000165
0.0000165
0.0000371
0.0000248
0.0000165
0.0000248
0.0000165
0.0000165
0.0000165
0.0000165
0.0000248
0.0000248
0.0000165
0.0000165
0.0000289
0.0000124
0.0000165
0.0000165
0.0000413
0.0000248
0.0000165
0.0000330
0.0000371
0.0000206
0.0000165
0.0000248
0.0000289
0.0000248
0.0000413
0.0000454
0.0000330
0.0000165
0.0000330
0.0000165
0.0000454
0.0000165
0.0000165
0.0000165
0.0000413
0.0000206
0.0000578
0.0000206
0.0000165
0.0000330
0.0000165
0.0000289
0.0000165
0.0000289
0.0000206
0.0000330
0.0000165
0.0000165
0.0000330
0.0000330
0.0000248
0.0000165
0.0000165
0.0000124
0.0000083
0.0000165
0.0000165
0.0000165
0.0000165
0.0000165
0.0000083
0.0000371
0.0000041
0.0000165
0.0000165
0.0000248
0.0000248
0.0000165
0.0000495
0.0000165
0.0000206
0.0000206
0.0000165
0.0000454
0.0000330
0.0000165
0.0000165
0.0000289
0.0000330
0.0000083
0.0000165
0.0000206
0.0000248
0.0000330
0.0000165
0.0000248
0.0000289
0.0000165
0.0000289
0.0000165
0.0000165
0.0000165
0.0000165
0.0000165
0.0000206
0.0000165
0.0000165
0.0000371
0.0000248
0.0000206
0.0000124
0.0000578
0.0000165
0.0000413
0.0000619
0.0000041
0.0000578
0.0000413
0.0000289
0.0000330
0.0000206
0.0000165
0.0000165
0.0000165
0.0000371
0.0000413
0.0000165
0.0000165
0.0000289
0.0000206
0.0000165
0.0000206
0.0000165
0.0000206
0.0000206
0.0000660
0.0000083
0.0000165
0.0000248
0.0000289
0.0000165
0.0000165
0.0000413
0.0000248
0.0000165
0.0000165
0.0000206
0.0000083
0.0000041
0.0000413
0.0000083
0.0000289
0.0000041
0.0000165
0.0000206
0.0000165
0.0000041
0.0000413
0.0000083
0.0000041
0.0000248
0.0000289
0.0000165
0.0000083
0.0000165
0.0000165
0.0000165
0.0000165
0.0000165
0.0000330
0.0000330
0.0000165
0.0000165
0.0000206
0.0000041
0.0000000
0.0000330
0.0000165
0.0000165
0.0000165
0.0000165
0.0000165
0.0000289
0.0000165
0.0000165
0.0000165
0.0000165
0.0000165
0.0000165
0.0000206
0.0000165
0.0000206
0.0000330
0.0000165
0.0000165
0.0000206
0.0000165
0.0000165
0.0000248
0.0000206
0.0000165
0.0000330
0.0000289
0.0000289
0.0000165
0.0000165
0.0000330
0.0000124
0.0000165
0.0000206
0.0000165
0.0000165
0.0000165
0.0000165
0.0000165
0.0000206
0.0000165
0.0000330
0.0000165
0.0000289
0.0000165
0.0000165
0.0000495
0.0000330
0.0000124
0.0000041
0.0000165
0.0000371
0.0000165
0.0000165
0.0000330
0.0000165
0.0000330
0.0000165
0.0000165
0.0000330
0.0000206
0.0000165
0.0000165
0.0000165
0.0000165
0.0000165
0.0000165
0.0000289
0.0000165
0.0000165
0.0000165
0.0000289
0.0000165
0.0000165
0.0000206
0.0000083
0.0000248
0.0000330
0.0000165
0.0000330
0.0000206
0.0000124
0.0000041
0.0000248
0.0000206
0.0000165
0.0000248
0.0000165
0.0000495
0.0000495
0.0000371
0.0000495
0.0000248
0.0000495
0.0000165
0.0000165
0.0000165
0.0000165
0.0000206
0.0000330
0.0000041
0.0000330
0.0000206
0.0000165
0.0000206
0.0000330
0.0000165
0.0000206
0.0000124
0.0000165
0.0000248
0.0000289
0.0000165
0.0000165
0.0000206
0.0000165
0.0000165
0.0000206
0.0000371
0.0000165
0.0000165
0.0000289
0.0000206
0.0000289
0.0000248
0.0000454
0.0000041
0.0000371
0.0000413
0.0000165
0.0000165
0.0000165
0.0000165
0.0000165
0.0000165
0.0000165
0.0000330
0.0000206
0.0000206
0.0000330
0.0000165
0.0000371
0.0000165
0.0000413
0.0000165
0.0000165
0.0000165
0.0000330
0.0000165
0.0000165
0.0000206
0.0000165
0.0000165
0.0000165
0.0000206
0.0000206
0.0000165
0.0000165
0.0000165
0.0000206
0.0000165
0.0000165
0.0000165
0.0000165
0.0000165
0.0000165
0.0000165
0.0000165
0.0000248
0.0000248
0.0000165
0.0000165
0.0000165
0.0000289
0.0000330
0.0000165
0.0000165
0.0000165
0.0000206
0.0000165
0.0000165
0.0000289
0.0000206
0.0000536
0.0000165
0.0000165
0.0000330
0.0000330
0.0000495
0.0000165
0.0000206
0.0000330
0.0000165
0.0000248
0.0000165
0.0000289
0.0000371
0.0000330
0.0000165
0.0000165
0.0000330
0.0000165
0.0000248
0.0000206
