#conf_AA #conf_AC #expected_count #miss_probability
38 1 75.3 0.0000
29 1 66.4 0.0000
1 100 45.9 0.0000
104 1 38.8 0.0000
254 1 37.0 0.0000
1 18 36.7 0.0000
57 1 34.9 0.0000
1 44 34.4 0.0000
1 103 30.6 0.0000
1 203 29.2 0.0000
2 6 28.4 0.0000
138 1 28.2 0.0000
244 1 26.4 0.0000
1 132 26.3 0.0000
1 83 23.7 0.0000
198 1 22.7 0.0000
1 81 22.2 0.0000
53 1 21.0 0.0000
19 1 20.5 0.0000
1 41 19.7 0.0000
8 8 18.7 0.0000
1 300 18.5 0.0000
176 1 17.9 0.0000
236 1 17.4 0.0000
115 1 16.4 0.0000
1 218 15.9 0.0000
50 8 15.9 0.0000
5 4 15.7 0.0000
33 8 15.2 0.0000
397 1 14.4 0.0000
1 105 14.3 0.0000
9 7 14.2 0.0000
5 6 14.2 0.0000
207 1 14.2 0.0000
1 272 14.1 0.0000
101 1 14.1 0.0000
1 86 14.0 0.0000
140 1 13.9 0.0000
9 8 13.4 0.0000
8 7 13.4 0.0000
25 8 13.3 0.0000
2 4 13.3 0.0000
178 1 13.2 0.0000
1 243 13.2 0.0000
7 5 13.2 0.0000
31 8 12.9 0.0000
160 1 12.9 0.0000
21 8 12.8 0.0000
1 119 12.6 0.0000
311 1 12.5 0.0000
353 1 12.4 0.0000
3 30 12.3 0.0000
169 1 12.2 0.0000
3 116 12.1 0.0000
1 359 12.1 0.0000
136 1 12.1 0.0000
20 7 12.0 0.0000
296 1 11.9 0.0000
288 1 11.9 0.0000
3 100 11.8 0.0000
513 1 11.8 0.0000
50 7 11.7 0.0000
151 1 11.6 0.0000
33 7 11.4 0.0000
217 1 11.4 0.0000
12 8 11.2 0.0000
303 1 10.9 0.0000
38 8 10.4 0.0000
1 233 10.4 0.0000
3 36 10.3 0.0000
325 1 10.3 0.0000
1 65 10.2 0.0000
534 1 9.9 0.0000
250 1 9.8 0.0001
2 80 9.8 0.0001
1 404 9.8 0.0001
25 7 9.8 0.0001
31 7 9.7 0.0001
1 278 9.6 0.0001
30 8 9.4 0.0001
1 321 9.4 0.0001
238 1 9.4 0.0001
6 4 9.4 0.0001
21 7 9.3 0.0001
1 196 9.3 0.0001
52 1 9.3 0.0001
3 18 9.2 0.0001
2 116 9.2 0.0001
24 7 9.1 0.0001
1 78 9.0 0.0001
1 470 9.0 0.0001
29 8 8.9 0.0001
2 100 8.9 0.0001
2 21 8.9 0.0001
100 8 8.8 0.0001
496 1 8.7 0.0002
542 1 8.7 0.0002
7 7 8.7 0.0002
67 1 8.7 0.0002
44 8 8.6 0.0002
2 12 8.6 0.0002
746 1 8.5 0.0002
221 1 8.5 0.0002
18 7 8.5 0.0002
444 1 8.5 0.0002
651 1 8.5 0.0002
277 1 8.5 0.0002
240 1 8.2 0.0003
15 8 8.2 0.0003
211 1 8.2 0.0003
1 161 8.1 0.0003
301 1 8.1 0.0003
3 143 8.1 0.0003
2 73 8.0 0.0003
28 5 8.0 0.0003
3 103 7.9 0.0004
16 7 7.9 0.0004
69 8 7.9 0.0004
5 11 7.8 0.0004
1 329 7.8 0.0004
14 8 7.8 0.0004
1 322 7.8 0.0004
192 1 7.7 0.0004
38 7 7.6 0.0005
71 1 7.6 0.0005
328 1 7.6 0.0005
3 203 7.6 0.0005
6 7 7.6 0.0005
1 312 7.5 0.0006
47 8 7.4 0.0006
17 7 7.4 0.0006
1 79 7.4 0.0006
3 52 7.2 0.0007
241 1 7.2 0.0008
2 18 7.2 0.0008
3 111 7.0 0.0009
280 1 7.0 0.0009
249 1 7.0 0.0009
2 10 6.9 0.0010
30 7 6.9 0.0010
896 1 6.9 0.0010
35 7 6.9 0.0010
1 301 6.8 0.0011
1 297 6.8 0.0011
1 864 6.8 0.0011
1 146 6.8 0.0011
68 8 6.8 0.0011
20 2 6.7 0.0012
20 6 6.7 0.0013
388 1 6.7 0.0013
54 8 6.6 0.0013
37 7 6.6 0.0014
29 7 6.6 0.0014
163 1 6.5 0.0015
259 1 6.5 0.0015
166 1 6.5 0.0015
1 315 6.5 0.0015
24 3 6.5 0.0016
3 35 6.5 0.0016
1 403 6.4 0.0017
1 414 6.4 0.0017
4 100 6.4 0.0017
33 6 6.4 0.0017
1 667 6.3 0.0018
239 1 6.3 0.0018
510 1 6.3 0.0018
100 7 6.3 0.0019
2 143 6.3 0.0019
1361 1 6.3 0.0019
488 1 6.3 0.0019
21 2 6.3 0.0019
1 665 6.3 0.0019
7 4 6.2 0.0020
787 1 6.2 0.0020
3 44 6.1 0.0021
308 1 6.1 0.0022
3 83 6.1 0.0022
62 8 6.1 0.0022
4 73 6.1 0.0023
75 7 6.1 0.0023
8 13 6.1 0.0023
15 7 6.0 0.0024
3 96 6.0 0.0025
40 7 6.0 0.0025
433 1 6.0 0.0025
549 1 6.0 0.0026
2 103 6.0 0.0026
12 3 6.0 0.0026
327 1 5.9 0.0027
4 44 5.9 0.0028
1 179 5.9 0.0028
27 2 5.9 0.0029
1 266 5.8 0.0029
3 173 5.8 0.0032
25 3 5.8 0.0032
763 1 5.7 0.0032
6 28 5.7 0.0032
2 203 5.7 0.0033
41 8 5.7 0.0034
42 7 5.7 0.0034
69 7 5.6 0.0036
606 1 5.6 0.0038
44 7 5.6 0.0039
926 1 5.5 0.0039
954 1 5.5 0.0039
4 71 5.5 0.0040
23 8 5.5 0.0040
24 2 5.5 0.0041
2 44 5.5 0.0042
267 1 5.5 0.0042
1021 1 5.5 0.0043
1 392 5.4 0.0043
1 352 5.4 0.0043
3 224 5.4 0.0044
31 6 5.4 0.0044
158 1 5.4 0.0046
346 1 5.3 0.0049
4 18 5.3 0.0050
2 52 5.3 0.0050
1 168 5.3 0.0051
104 8 5.2 0.0054
1 557 5.2 0.0055
2 111 5.2 0.0055
457 1 5.2 0.0056
1 339 5.2 0.0056
13 13 5.2 0.0057
599 1 5.2 0.0057
2 20 5.1 0.0059
24 4 5.1 0.0060
2 132 5.1 0.0060
2 39 5.1 0.0060
839 1 5.1 0.0060
2 81 5.1 0.0061
38 2 5.1 0.0061
3 41 5.1 0.0062
24 6 5.1 0.0063
68 7 5.1 0.0063
54 7 5.0 0.0067
1 432 5.0 0.0069
254 8 5.0 0.0069
30 3 4.9 0.0073
5 116 4.9 0.0073
128 8 4.9 0.0074
81 2 4.9 0.0074
4 116 4.9 0.0074
50 4 4.9 0.0076
3 211 4.9 0.0077
145 1 4.8 0.0079
1 547 4.8 0.0082
1 265 4.8 0.0082
31 13 4.8 0.0083
33 4 4.8 0.0084
3 300 4.8 0.0084
29 3 4.8 0.0086
91 1 4.8 0.0086
1 121 4.8 0.0086
50 6 4.7 0.0086
2 83 4.7 0.0088
57 8 4.7 0.0091
63 7 4.7 0.0094
12 6 4.7 0.0094
64 1 4.7 0.0094
335 1 4.7 0.0094
1 220 4.7 0.0094
51 9 4.7 0.0094
40 8 4.7 0.0096
4 143 4.6 0.0098
17 3 4.6 0.0098
1 66 4.6 0.0099
